/*
 * This is a RANDOMLY GENERATED PROGRAM.
 *
 * Generator: csmith 2.3.0
 * Git version: 30dccd7
 * Options:   --no-argc --arrays --bitfields --comma-operators --compound-assignment --consts --no-divs --embedded-assigns --no-pre-incr-operator --no-pre-decr-operator --post-incr-operator --post-decr-operator --no-unary-plus-operator --jumps --no-longlong --int8 --no-uint8 --no-float --math64 --inline-function --muls --no-safe-math --no-packed-struct --paranoid --pointers --structs --unions --volatiles --volatile-pointers --const-pointers --global-variabless --no-builtins
 * Seed:      2711727536
 */


#define NO_LONGLONG

#include "csmith.h"


static long __undefined;

/* --- Struct/Union Declarations --- */
struct S0 {
   signed f0 : 6;
   unsigned f1 : 3;
   volatile signed f2 : 25;
   int32_t  f3;
   signed f4 : 18;
   volatile signed f5 : 22;
   volatile signed f6 : 31;
};

struct S1 {
   volatile uint32_t  f0;
   uint32_t  f1;
   signed f2 : 24;
   uint32_t  f3;
   int32_t  f4;
   const volatile int16_t  f5;
   int32_t  f6;
};

struct S2 {
   signed f0 : 10;
   volatile signed f1 : 30;
};

/* --- GLOBAL VARIABLES --- */
static int32_t g_2 = 0x8F8F576C;
static int32_t g_5 = 0x5B2906C9;
static int32_t g_8[1] = {0x1FF29ACD};
static int32_t g_9 = 0x8F6C218E;
static const int32_t g_66[6][2][7] = {{{1,9,0,0xBBE0E206,0,1,0},{(-8),0x4290900D,0xF1DB06D6,0x2283564F,0xCE42BF62,0,0xBF08EAF5}},{{0xF1DB06D6,0,0xBF51449B,0x9674B172,0x59351789,2,(-1)},{0xCE42BF62,(-10),0x59351789,0xEC287848,1,0xF1DB06D6,(-1)}},{{0xBF08EAF5,1,(-1),1,(-1),1,0xBF08EAF5},{(-10),0x9AA6B35E,0x6EC37461,(-7),0xF1DB06D6,0xEC287848,0}},{{0,1,0x9AA6B35E,1,1,0,2},{0x038CF49C,0x1CA2AE39,0,0xD45C545F,0x5D48947D,0xD5E57097,(-1)}},{{9,0x403AC464,0xF1DB06D6,0x6EC37461,0xBBE0E206,0xBF51449B,1},{0xCE42BF62,0,0xA8622527,0xD5E57097,0xD45C545F,0xBF51449B,1}},{{0xD5E57097,(-8),2,2,(-8),0xD5E57097,0x2283564F},{0x357DCCC7,1,0xBF771356,(-8),0x59351789,0,1}}};
static const int32_t *g_65 = &g_66[5][1][1];
static volatile int32_t g_76 = 0xDD5AE909;/* VOLATILE GLOBAL g_76 */
static volatile int32_t * volatile g_75 = &g_76;/* VOLATILE GLOBAL g_75 */
static int32_t g_80 = 0x16E5D1C1;
static struct S0 g_83 = {2,1,1637,0xB87B6FF5,167,-1142,22078};/* VOLATILE GLOBAL g_83 */
static int16_t g_86 = 0;
static uint32_t g_88 = 0x0FE8B856;
static int8_t g_89 = (-1);
static struct S0 ** volatile g_98 = (void*)0;/* VOLATILE GLOBAL g_98 */
static struct S0 *g_100 = (void*)0;
static struct S0 ** volatile g_99 = &g_100;/* VOLATILE GLOBAL g_99 */
static struct S1 g_101[2][9][2] = {{{{0x355D27DB,1U,-2822,0x09B7AB54,0xCD50E3CE,0x9F7D,0x3A0D7201},{0xEF6A3D77,0xE26BD804,-2305,0xD7DB6C63,0x429AA74C,0,-1}},{{0x07BBC662,1U,85,0U,0xB559E040,0x3C64,-1},{0x355D27DB,1U,-2822,0x09B7AB54,0xCD50E3CE,0x9F7D,0x3A0D7201}},{{0xEF6A3D77,0xE26BD804,-2305,0xD7DB6C63,0x429AA74C,0,-1},{0x2A49CFF1,0x1093E8F6,-1630,0x55A7B5E4,-3,0x6319,0x32EC2C21}},{{4294967295U,6U,-3458,4U,0x330C07BB,0xE8CB,4},{4294967295U,6U,-3458,4U,0x330C07BB,0xE8CB,4}},{{0x07BBC662,1U,85,0U,0xB559E040,0x3C64,-1},{4294967295U,6U,-3458,4U,0x330C07BB,0xE8CB,4}},{{4294967295U,6U,-3458,4U,0x330C07BB,0xE8CB,4},{0x2A49CFF1,0x1093E8F6,-1630,0x55A7B5E4,-3,0x6319,0x32EC2C21}},{{0xEF6A3D77,0xE26BD804,-2305,0xD7DB6C63,0x429AA74C,0,-1},{0x355D27DB,1U,-2822,0x09B7AB54,0xCD50E3CE,0x9F7D,0x3A0D7201}},{{0x07BBC662,1U,85,0U,0xB559E040,0x3C64,-1},{0xEF6A3D77,0xE26BD804,-2305,0xD7DB6C63,0x429AA74C,0,-1}},{{0x355D27DB,1U,-2822,0x09B7AB54,0xCD50E3CE,0x9F7D,0x3A0D7201},{0x2A49CFF1,0x1093E8F6,-1630,0x55A7B5E4,-3,0x6319,0x32EC2C21}}},{{{0x355D27DB,1U,-2822,0x09B7AB54,0xCD50E3CE,0x9F7D,0x3A0D7201},{0xEF6A3D77,0xE26BD804,-2305,0xD7DB6C63,0x429AA74C,0,-1}},{{0x07BBC662,1U,85,0U,0xB559E040,0x3C64,-1},{0x355D27DB,1U,-2822,0x09B7AB54,0xCD50E3CE,0x9F7D,0x3A0D7201}},{{0xEF6A3D77,0xE26BD804,-2305,0xD7DB6C63,0x429AA74C,0,-1},{0x2A49CFF1,0x1093E8F6,-1630,0x55A7B5E4,-3,0x6319,0x32EC2C21}},{{4294967295U,6U,-3458,4U,0x330C07BB,0xE8CB,4},{4294967295U,6U,-3458,4U,0x330C07BB,0xE8CB,4}},{{0x07BBC662,1U,85,0U,0xB559E040,0x3C64,-1},{4294967295U,6U,-3458,4U,0x330C07BB,0xE8CB,4}},{{4294967295U,6U,-3458,4U,0x330C07BB,0xE8CB,4},{0x2A49CFF1,0x1093E8F6,-1630,0x55A7B5E4,-3,0x6319,0x32EC2C21}},{{0xEF6A3D77,0xE26BD804,-2305,0xD7DB6C63,0x429AA74C,0,-1},{0x355D27DB,1U,-2822,0x09B7AB54,0xCD50E3CE,0x9F7D,0x3A0D7201}},{{0x07BBC662,1U,85,0U,0xB559E040,0x3C64,-1},{0xEF6A3D77,0xE26BD804,-2305,0xD7DB6C63,0x429AA74C,0,-1}},{{0x355D27DB,1U,-2822,0x09B7AB54,0xCD50E3CE,0x9F7D,0x3A0D7201},{0x2A49CFF1,0x1093E8F6,-1630,0x55A7B5E4,-3,0x6319,0x32EC2C21}}}};
static struct S2 g_102[10][8][3] = {{{{26,-27943},{13,19908},{-21,11575}},{{-25,7999},{-22,27805},{29,-28600}},{{-0,-14299},{-0,-14299},{-13,-2285}},{{-16,9872},{16,20757},{29,-28600}},{{-29,-20175},{-10,-17914},{-21,11575}},{{17,6369},{-27,22310},{-11,4704}},{{18,17708},{-29,-20175},{-21,11575}},{{16,20757},{-17,4982},{29,-28600}}},{{{-19,18853},{-8,-22027},{-13,-2285}},{{-17,4982},{-25,7999},{29,-28600}},{{13,19908},{18,17708},{-21,11575}},{{19,10956},{19,10956},{-11,4704}},{{-10,-17914},{13,30301},{-21,11575}},{{-10,-27333},{-16,9872},{29,-28600}},{{-8,-22027},{-19,18853},{-13,-2285}},{{-22,27805},{-10,-27333},{29,-28600}}},{{{13,30301},{26,-27943},{-21,11575}},{{-27,22310},{17,6369},{-11,4704}},{{26,-27943},{13,19908},{-21,11575}},{{-25,7999},{-22,27805},{29,-28600}},{{-0,-14299},{-0,-14299},{-13,-2285}},{{-16,9872},{16,20757},{29,-28600}},{{-29,-20175},{-10,-17914},{-21,11575}},{{17,6369},{-27,22310},{-11,4704}}},{{{18,17708},{-29,-20175},{-21,11575}},{{16,20757},{-17,4982},{29,-28600}},{{-19,18853},{-8,-22027},{-13,-2285}},{{-17,4982},{-25,7999},{29,-28600}},{{13,19908},{18,17708},{-21,11575}},{{19,10956},{19,10956},{-11,4704}},{{-10,-17914},{13,30301},{-21,11575}},{{-10,-27333},{-16,9872},{29,-28600}}},{{{-8,-22027},{-19,18853},{-13,-2285}},{{-22,27805},{-10,-27333},{29,-28600}},{{13,30301},{26,-27943},{-21,11575}},{{-27,22310},{17,6369},{-11,4704}},{{26,-27943},{13,19908},{-21,11575}},{{-25,7999},{-22,27805},{29,-28600}},{{-0,-14299},{-0,-14299},{-19,18853}},{{-2,14432},{14,26658},{17,6369}}},{{{21,794},{-1,30316},{-8,-22027}},{{-7,31202},{-10,-24461},{-27,22310}},{{-28,-19805},{21,794},{-8,-22027}},{{14,26658},{21,-2155},{17,6369}},{{-6,4247},{-21,22387},{-19,18853}},{{21,-2155},{-22,-7388},{17,6369}},{{9,-26090},{-28,-19805},{-8,-22027}},{{-3,1003},{-3,1003},{-27,22310}}},{{{-1,30316},{-17,-26807},{-8,-22027}},{{26,6125},{-2,14432},{17,6369}},{{-21,22387},{-6,4247},{-19,18853}},{{21,-29408},{26,6125},{17,6369}},{{-17,-26807},{17,-268},{-8,-22027}},{{-10,-24461},{-7,31202},{-27,22310}},{{17,-268},{9,-26090},{-8,-22027}},{{-22,-7388},{21,-29408},{17,6369}}},{{{28,25254},{28,25254},{-19,18853}},{{-2,14432},{14,26658},{17,6369}},{{21,794},{-1,30316},{-8,-22027}},{{-7,31202},{-10,-24461},{-27,22310}},{{-28,-19805},{21,794},{-8,-22027}},{{14,26658},{21,-2155},{17,6369}},{{-6,4247},{-21,22387},{-19,18853}},{{21,-2155},{-22,-7388},{17,6369}}},{{{9,-26090},{-28,-19805},{-8,-22027}},{{-3,1003},{-3,1003},{-27,22310}},{{-1,30316},{-17,-26807},{-8,-22027}},{{26,6125},{-2,14432},{17,6369}},{{-21,22387},{-6,4247},{-19,18853}},{{21,-29408},{26,6125},{17,6369}},{{-17,-26807},{17,-268},{-8,-22027}},{{-10,-24461},{-7,31202},{-27,22310}}},{{{17,-268},{9,-26090},{-8,-22027}},{{-22,-7388},{21,-29408},{17,6369}},{{28,25254},{28,25254},{-19,18853}},{{-2,14432},{14,26658},{17,6369}},{{21,794},{-1,30316},{-8,-22027}},{{-7,31202},{-10,-24461},{-27,22310}},{{-28,-19805},{21,794},{-8,-22027}},{{14,26658},{21,-2155},{17,6369}}}};
static uint16_t g_107 = 1U;
static int16_t *g_111 = &g_86;
static struct S2 ** volatile g_112 = (void*)0;/* VOLATILE GLOBAL g_112 */
static uint16_t g_129 = 3U;
static const volatile struct S2 g_154 = {-30,15768};/* VOLATILE GLOBAL g_154 */
static volatile struct S2 g_177 = {-22,-26939};/* VOLATILE GLOBAL g_177 */
static struct S2 g_181 = {9,-12718};/* VOLATILE GLOBAL g_181 */
static struct S2 g_182 = {-18,4546};/* VOLATILE GLOBAL g_182 */
static struct S2 g_183 = {-1,-23585};/* VOLATILE GLOBAL g_183 */
static struct S2 g_184 = {-24,30451};/* VOLATILE GLOBAL g_184 */
static struct S2 g_185 = {9,-22162};/* VOLATILE GLOBAL g_185 */
static struct S2 g_186[8] = {{5,-31276},{5,-31276},{5,-31276},{5,-31276},{5,-31276},{5,-31276},{5,-31276},{5,-31276}};
static struct S2 g_187[8] = {{-26,6200},{-26,6200},{-26,6200},{-26,6200},{-26,6200},{-26,6200},{-26,6200},{-26,6200}};
static struct S2 g_188 = {-28,-18056};/* VOLATILE GLOBAL g_188 */
static struct S2 g_189[10][6] = {{{-6,18526},{-24,-20322},{-6,18526},{-24,-20322},{-6,18526},{-24,-20322}},{{24,-31598},{-24,-20322},{24,-31598},{-24,-20322},{24,-31598},{-24,-20322}},{{-6,18526},{-24,-20322},{-6,18526},{-24,-20322},{-6,18526},{-24,-20322}},{{24,-31598},{-24,-20322},{24,-31598},{-24,-20322},{24,-31598},{-24,-20322}},{{-6,18526},{-24,-20322},{-6,18526},{-24,-20322},{-6,18526},{-24,-20322}},{{24,-31598},{-24,-20322},{24,-31598},{-24,-20322},{24,-31598},{-24,-20322}},{{-6,18526},{-24,-20322},{-6,18526},{-24,-20322},{-6,18526},{-24,-20322}},{{24,-31598},{-24,-20322},{24,-31598},{-24,-20322},{24,-31598},{-24,-20322}},{{-6,18526},{-24,-20322},{-6,18526},{-24,-20322},{-6,18526},{-24,-20322}},{{24,-31598},{-24,-20322},{24,-31598},{-24,-20322},{24,-31598},{-24,-20322}}};
static struct S2 g_190 = {17,-18557};/* VOLATILE GLOBAL g_190 */
static struct S2 g_191 = {19,17067};/* VOLATILE GLOBAL g_191 */
static struct S2 g_192 = {-26,-4150};/* VOLATILE GLOBAL g_192 */
static struct S2 g_193 = {-18,-14611};/* VOLATILE GLOBAL g_193 */
static struct S2 g_194 = {-30,24680};/* VOLATILE GLOBAL g_194 */
static struct S2 g_195 = {31,15046};/* VOLATILE GLOBAL g_195 */
static struct S2 g_196 = {-22,-31723};/* VOLATILE GLOBAL g_196 */
static struct S2 g_197 = {-30,-17436};/* VOLATILE GLOBAL g_197 */
static struct S2 g_198[4] = {{0,-3692},{0,-3692},{0,-3692},{0,-3692}};
static struct S2 * const *g_199[5] = {(void*)0,(void*)0,(void*)0,(void*)0,(void*)0};
static struct S2 g_202 = {24,31228};/* VOLATILE GLOBAL g_202 */
static struct S2 * const g_201[2] = {&g_202,&g_202};
static struct S2 * const *g_200 = &g_201[1];
static struct S2 g_204[4][8][6] = {{{{12,-14828},{-20,-3934},{-27,15665},{30,21573},{10,23804},{-16,-7071}},{{7,-13839},{-10,25073},{-26,14713},{-20,-3934},{-9,20606},{-16,-7071}},{{-25,-10246},{-9,-23469},{-27,15665},{-25,-10246},{7,9621},{-29,7905}},{{-9,20606},{18,21226},{30,-30946},{-13,-1791},{-22,-7670},{-26,14713}},{{1,29044},{7,-13839},{30,24243},{-10,25073},{-22,-7670},{-0,-7076}},{{17,6468},{18,21226},{25,24656},{-12,14770},{7,9621},{-22,-32351}},{{-20,-3934},{-9,-23469},{-21,18903},{10,23804},{-9,20606},{22,-29914}},{{-13,-1791},{-10,25073},{17,28655},{10,23804},{10,23804},{17,28655}}},{{{-20,-3934},{-20,-3934},{8,13677},{-12,14770},{30,21573},{25,24656}},{{17,6468},{-22,-7670},{-29,7905},{-10,25073},{-9,-23469},{8,13677}},{{1,29044},{17,6468},{-29,7905},{-13,-1791},{-20,-3934},{25,24656}},{{-9,20606},{-13,-1791},{8,13677},{-25,-10246},{12,-14828},{17,28655}},{{-25,-10246},{12,-14828},{17,28655},{-20,-3934},{21,-30694},{22,-29914}},{{7,-13839},{12,-14828},{-21,18903},{30,21573},{12,-14828},{-22,-32351}},{{12,-14828},{-13,-1791},{25,24656},{-22,-7670},{-20,-3934},{-0,-7076}},{{30,21573},{17,6468},{30,24243},{1,29044},{-9,-23469},{-26,14713}}},{{{30,21573},{-22,-7670},{30,-30946},{-22,-7670},{30,21573},{-29,7905}},{{12,-14828},{-20,-3934},{-27,15665},{30,21573},{10,23804},{-16,-7071}},{{7,-13839},{-10,25073},{-26,14713},{-20,-3934},{-9,20606},{-16,-7071}},{{-25,-10246},{-9,-23469},{-27,15665},{-25,-10246},{7,9621},{-29,7905}},{{-9,20606},{18,21226},{30,-30946},{-13,-1791},{-22,-7670},{-26,14713}},{{1,29044},{7,-13839},{30,24243},{-10,25073},{-22,-7670},{-0,-7076}},{{17,6468},{18,21226},{25,24656},{-12,14770},{7,9621},{-22,-32351}},{{-20,-3934},{-9,-23469},{-21,18903},{10,23804},{-9,20606},{22,-29914}}},{{{-13,-1791},{-10,25073},{17,28655},{10,23804},{10,23804},{17,28655}},{{-20,-3934},{-20,-3934},{8,13677},{-12,14770},{30,21573},{25,24656}},{{17,6468},{-22,-7670},{-29,7905},{-10,25073},{-9,-23469},{8,13677}},{{1,29044},{17,6468},{-29,7905},{-13,-1791},{-20,-3934},{25,24656}},{{-9,20606},{-13,-1791},{-10,25073},{30,20703},{11,10959},{12,-14828}},{{30,20703},{11,10959},{12,-14828},{-8,-25194},{13,18969},{18,21226}},{{5,26690},{11,10959},{17,6468},{-6,27055},{11,10959},{-22,-7670}},{{11,10959},{31,15036},{7,9621},{-13,25600},{-8,-25194},{7,-13839}}}};
static struct S2 *g_203 = &g_204[0][5][5];
static struct S0 g_224 = {-7,0,900,0x4A534BA0,284,-255,-43184};/* VOLATILE GLOBAL g_224 */
static volatile uint32_t g_231[5][8][2] = {{{4294967295U,0x94CD03F4},{0x7709794D,0x63D993A8},{0x7709794D,0x94CD03F4},{4294967295U,0xBFBD02E4},{0x94CD03F4,0x1AC23313},{0xDB38199B,0x750E86C6},{0x595D045B,1U},{1U,4294967288U}},{{0xE9098E09,0x595D045B},{0x63D993A8,4294967292U},{0x750E86C6,4294967292U},{0x63D993A8,0x595D045B},{0xE9098E09,4294967288U},{1U,1U},{0x595D045B,0x750E86C6},{0xDB38199B,0x1AC23313}},{{0x94CD03F4,0xBFBD02E4},{4294967295U,0x94CD03F4},{0x7709794D,0x63D993A8},{0x7709794D,0x94CD03F4},{4294967295U,0xBFBD02E4},{0x94CD03F4,0x1AC23313},{0xDB38199B,0x750E86C6},{0x595D045B,1U}},{{1U,4294967288U},{0xE9098E09,0x595D045B},{0x63D993A8,4294967292U},{0x750E86C6,4294967292U},{0x63D993A8,0x595D045B},{0xE9098E09,4294967288U},{1U,1U},{0x595D045B,0x750E86C6}},{{0xDB38199B,0x1AC23313},{0x94CD03F4,0xBFBD02E4},{4294967295U,0x94CD03F4},{0x7709794D,0x63D993A8},{0x7709794D,0x94CD03F4},{4294967295U,0xBFBD02E4},{0x94CD03F4,0x1AC23313},{0xDB38199B,0x750E86C6}}};
static volatile struct S0 g_256 = {-1,1,-4344,1,-434,1799,-23043};/* VOLATILE GLOBAL g_256 */
static volatile struct S0 * volatile g_257 = &g_256;/* VOLATILE GLOBAL g_257 */
static int32_t * volatile g_275 = &g_8[0];/* VOLATILE GLOBAL g_275 */
static struct S0 g_282 = {2,0,-5224,0x40933524,118,-855,-23895};/* VOLATILE GLOBAL g_282 */
static volatile struct S2 g_283 = {9,21998};/* VOLATILE GLOBAL g_283 */
static struct S2 g_285 = {19,-17095};/* VOLATILE GLOBAL g_285 */
static uint16_t *g_303[2] = {&g_107,&g_107};
static uint16_t **g_302[9][3] = {{(void*)0,&g_303[1],&g_303[1]},{&g_303[0],&g_303[1],(void*)0},{&g_303[0],&g_303[1],&g_303[1]},{(void*)0,&g_303[1],&g_303[1]},{&g_303[0],&g_303[1],(void*)0},{&g_303[0],&g_303[1],&g_303[1]},{(void*)0,&g_303[1],&g_303[1]},{&g_303[0],&g_303[1],(void*)0},{&g_303[0],&g_303[1],&g_303[1]}};
static uint16_t **g_305 = &g_303[0];
static uint16_t *** volatile g_304[3][10][5] = {{{&g_305,&g_305,&g_305,(void*)0,&g_305},{&g_305,&g_305,(void*)0,&g_305,(void*)0},{(void*)0,(void*)0,&g_305,(void*)0,&g_305},{&g_305,&g_305,&g_305,&g_305,&g_305},{&g_305,&g_305,(void*)0,&g_305,&g_305},{&g_305,&g_305,&g_305,&g_305,&g_305},{&g_305,(void*)0,&g_305,&g_305,&g_305},{&g_305,&g_305,&g_305,(void*)0,&g_305},{&g_305,&g_305,&g_305,(void*)0,&g_305},{(void*)0,&g_305,&g_305,&g_305,&g_305}},{{&g_305,(void*)0,&g_305,&g_305,&g_305},{&g_305,(void*)0,&g_305,&g_305,(void*)0},{&g_305,&g_305,(void*)0,&g_305,&g_305},{&g_305,&g_305,&g_305,&g_305,&g_305},{&g_305,&g_305,(void*)0,(void*)0,(void*)0},{&g_305,&g_305,&g_305,&g_305,&g_305},{&g_305,(void*)0,&g_305,&g_305,(void*)0},{&g_305,&g_305,(void*)0,&g_305,&g_305},{&g_305,(void*)0,&g_305,&g_305,(void*)0},{&g_305,&g_305,(void*)0,&g_305,&g_305}},{{&g_305,&g_305,&g_305,&g_305,(void*)0},{&g_305,&g_305,(void*)0,&g_305,&g_305},{&g_305,&g_305,&g_305,&g_305,(void*)0},{&g_305,&g_305,(void*)0,&g_305,&g_305},{&g_305,&g_305,&g_305,&g_305,(void*)0},{&g_305,&g_305,(void*)0,&g_305,&g_305},{&g_305,&g_305,&g_305,&g_305,&g_305},{&g_305,&g_305,(void*)0,(void*)0,(void*)0},{&g_305,&g_305,&g_305,&g_305,&g_305},{&g_305,(void*)0,&g_305,&g_305,(void*)0}}};
static uint16_t *** const  volatile g_306[7][10][3] = {{{&g_305,&g_305,&g_305},{&g_305,&g_305,&g_305},{&g_305,&g_305,&g_305},{&g_305,&g_305,&g_305},{&g_305,&g_305,&g_305},{&g_305,&g_305,(void*)0},{&g_305,&g_305,&g_305},{&g_305,&g_305,&g_305},{&g_305,&g_305,&g_305},{&g_305,&g_305,&g_305}},{{&g_305,&g_305,&g_305},{&g_305,&g_305,&g_305},{&g_305,&g_305,&g_305},{&g_305,&g_305,&g_305},{&g_305,&g_305,(void*)0},{&g_305,&g_305,&g_305},{&g_305,&g_305,&g_305},{&g_305,&g_305,&g_305},{&g_305,&g_305,&g_305},{&g_305,&g_305,&g_305}},{{&g_305,&g_305,&g_305},{&g_305,&g_305,&g_305},{&g_305,&g_305,&g_305},{&g_305,&g_305,(void*)0},{&g_305,&g_305,&g_305},{&g_305,&g_305,&g_305},{&g_305,&g_305,&g_305},{&g_305,&g_305,&g_305},{&g_305,&g_305,&g_305},{&g_305,&g_305,&g_305}},{{&g_305,&g_305,&g_305},{&g_305,&g_305,&g_305},{&g_305,&g_305,(void*)0},{&g_305,&g_305,&g_305},{&g_305,&g_305,&g_305},{&g_305,&g_305,(void*)0},{&g_305,&g_305,&g_305},{(void*)0,&g_305,&g_305},{&g_305,&g_305,(void*)0},{&g_305,&g_305,&g_305}},{{&g_305,&g_305,&g_305},{&g_305,&g_305,&g_305},{&g_305,&g_305,&g_305},{&g_305,&g_305,&g_305},{&g_305,&g_305,(void*)0},{&g_305,&g_305,&g_305},{(void*)0,&g_305,&g_305},{&g_305,&g_305,(void*)0},{&g_305,&g_305,&g_305},{&g_305,&g_305,&g_305}},{{&g_305,&g_305,&g_305},{&g_305,&g_305,&g_305},{&g_305,&g_305,&g_305},{&g_305,&g_305,(void*)0},{&g_305,&g_305,&g_305},{(void*)0,&g_305,&g_305},{&g_305,&g_305,(void*)0},{&g_305,&g_305,&g_305},{&g_305,&g_305,&g_305},{&g_305,&g_305,&g_305}},{{&g_305,&g_305,&g_305},{&g_305,&g_305,&g_305},{&g_305,&g_305,(void*)0},{&g_305,&g_305,&g_305},{(void*)0,&g_305,&g_305},{&g_305,&g_305,(void*)0},{&g_305,&g_305,&g_305},{&g_305,&g_305,&g_305},{&g_305,&g_305,&g_305},{&g_305,&g_305,&g_305}}};
static uint16_t *** volatile g_307 = (void*)0;/* VOLATILE GLOBAL g_307 */
static volatile struct S2 g_332 = {14,23381};/* VOLATILE GLOBAL g_332 */
static int32_t g_344[8][8] = {{0xF0279FFE,0xF0279FFE,0x39541A7B,0x15EF3ABF,0x39541A7B,0xF0279FFE,0xF0279FFE,0x39541A7B},{0x1F59CEDB,0x39541A7B,0x39541A7B,0x1F59CEDB,0x43741E1E,0x1F59CEDB,0x39541A7B,0x39541A7B},{0x39541A7B,0x43741E1E,0x15EF3ABF,0x15EF3ABF,0x43741E1E,0x39541A7B,0x43741E1E,0x15EF3ABF},{0x1F59CEDB,0x43741E1E,0x1F59CEDB,0x39541A7B,0x39541A7B,0x1F59CEDB,0x43741E1E,0x1F59CEDB},{0xF0279FFE,0x39541A7B,0x15EF3ABF,0x39541A7B,0xF0279FFE,0xF0279FFE,0x39541A7B,0x15EF3ABF},{0xF0279FFE,0xF0279FFE,0x39541A7B,0x15EF3ABF,0x39541A7B,0xF0279FFE,0xF0279FFE,0x39541A7B},{0x1F59CEDB,0x39541A7B,0x39541A7B,0x1F59CEDB,0x43741E1E,0x1F59CEDB,0x39541A7B,0x39541A7B},{0x39541A7B,0x43741E1E,0x15EF3ABF,0x15EF3ABF,0x43741E1E,0x39541A7B,0x43741E1E,0x15EF3ABF}};
static int16_t *g_346 = &g_86;
static int16_t *g_347 = &g_86;
static struct S0 g_355 = {-3,1,1701,-4,213,-181,6730};/* VOLATILE GLOBAL g_355 */
static const int32_t **g_365[5][8] = {{&g_65,&g_65,&g_65,&g_65,&g_65,&g_65,&g_65,&g_65},{&g_65,&g_65,&g_65,&g_65,&g_65,&g_65,&g_65,&g_65},{&g_65,&g_65,&g_65,&g_65,&g_65,&g_65,&g_65,&g_65},{&g_65,&g_65,&g_65,&g_65,&g_65,&g_65,&g_65,&g_65},{&g_65,&g_65,&g_65,&g_65,&g_65,&g_65,&g_65,&g_65}};
static volatile struct S2 g_376 = {27,-16634};/* VOLATILE GLOBAL g_376 */
static struct S1 g_386[4] = {{0xF6E8A733,0x94DB26A7,3781,0xAC1601FB,0x9274E46A,-7,0x6CF2D3BE},{0xF6E8A733,0x94DB26A7,3781,0xAC1601FB,0x9274E46A,-7,0x6CF2D3BE},{0xF6E8A733,0x94DB26A7,3781,0xAC1601FB,0x9274E46A,-7,0x6CF2D3BE},{0xF6E8A733,0x94DB26A7,3781,0xAC1601FB,0x9274E46A,-7,0x6CF2D3BE}};
static volatile struct S1 g_391[2][1] = {{{3U,4294967295U,2712,0xE4D16FD4,-3,-1,0}},{{3U,4294967295U,2712,0xE4D16FD4,-3,-1,0}}};
static const struct S2 g_395 = {-27,-21665};/* VOLATILE GLOBAL g_395 */
static volatile struct S0 g_408 = {7,0,2705,-10,387,1318,15423};/* VOLATILE GLOBAL g_408 */
static struct S1 *g_410 = &g_386[0];
static struct S1 ** volatile g_409 = &g_410;/* VOLATILE GLOBAL g_409 */
static const volatile struct S2 g_422 = {-16,-12509};/* VOLATILE GLOBAL g_422 */
static const int16_t *g_443 = (void*)0;
static const int16_t **g_442 = &g_443;
static int32_t * volatile g_445 = &g_8[0];/* VOLATILE GLOBAL g_445 */
static volatile struct S0 g_446 = {-6,1,36,1,111,1388,39883};/* VOLATILE GLOBAL g_446 */
static volatile struct S1 g_491 = {0x2785EC50,0U,-3752,0x07A36D73,8,9,-1};/* VOLATILE GLOBAL g_491 */
static struct S0 * volatile * volatile g_502 = &g_100;/* VOLATILE GLOBAL g_502 */
static struct S0 * volatile * volatile *g_501 = &g_502;
static volatile struct S0 g_519 = {6,0,-2201,0x7777EC36,-192,-542,-28764};/* VOLATILE GLOBAL g_519 */
static volatile struct S0 g_521 = {-2,0,-4034,-1,136,-1545,-20831};/* VOLATILE GLOBAL g_521 */
static int32_t *g_545 = &g_80;
static volatile struct S0 g_555[8] = {{2,0,4047,0xBC51CBFB,225,-486,-30506},{1,0,4717,1,2,586,7078},{2,0,4047,0xBC51CBFB,225,-486,-30506},{1,0,4717,1,2,586,7078},{2,0,4047,0xBC51CBFB,225,-486,-30506},{1,0,4717,1,2,586,7078},{2,0,4047,0xBC51CBFB,225,-486,-30506},{1,0,4717,1,2,586,7078}};
static volatile struct S2 g_585 = {12,-29090};/* VOLATILE GLOBAL g_585 */
static volatile struct S1 g_586 = {0U,1U,4046,0U,1,0xABDB,0xF3132945};/* VOLATILE GLOBAL g_586 */
static int32_t **g_611[3] = {&g_545,&g_545,&g_545};
static int32_t ***g_610 = &g_611[2];
static int32_t ****g_609 = &g_610;
static struct S1 ** volatile g_625 = (void*)0;/* VOLATILE GLOBAL g_625 */
static struct S1 ** volatile g_626 = &g_410;/* VOLATILE GLOBAL g_626 */
static volatile struct S2 g_632 = {-19,-5692};/* VOLATILE GLOBAL g_632 */
static struct S2 g_665 = {-9,18853};/* VOLATILE GLOBAL g_665 */
static int32_t * const  volatile g_694[7] = {&g_224.f3,&g_224.f3,&g_224.f3,&g_224.f3,&g_224.f3,&g_224.f3,&g_224.f3};
static int32_t * volatile g_707 = &g_224.f3;/* VOLATILE GLOBAL g_707 */
static volatile struct S2 g_730 = {-8,-20770};/* VOLATILE GLOBAL g_730 */
static volatile struct S0 g_751 = {0,1,3613,0,243,-1700,44652};/* VOLATILE GLOBAL g_751 */
static int32_t g_825 = (-6);
static struct S2 g_827 = {-10,15689};/* VOLATILE GLOBAL g_827 */
static int32_t ** volatile g_828 = (void*)0;/* VOLATILE GLOBAL g_828 */
static int32_t ** volatile g_829 = &g_545;/* VOLATILE GLOBAL g_829 */
static int32_t *g_836 = &g_386[3].f6;
static int32_t **g_835 = &g_836;
static int32_t ***g_834 = &g_835;
static const struct S2 g_864 = {5,-30953};/* VOLATILE GLOBAL g_864 */
static struct S0 g_895 = {-0,1,-778,0xDAB49A88,-401,135,20836};/* VOLATILE GLOBAL g_895 */
static int16_t **g_915 = &g_346;
static int16_t ***g_914 = &g_915;
static int16_t **** volatile g_913 = &g_914;/* VOLATILE GLOBAL g_913 */
static int32_t * const  volatile g_917 = &g_355.f3;/* VOLATILE GLOBAL g_917 */
static struct S0 **g_919 = &g_100;
static struct S0 *** volatile g_918 = &g_919;/* VOLATILE GLOBAL g_918 */
static struct S0 ***g_1018 = &g_919;
static struct S0 ****g_1017[6] = {&g_1018,&g_1018,&g_1018,&g_1018,&g_1018,&g_1018};
static struct S0 g_1043[9][8] = {{{2,0,5208,-1,-508,-806,-25020},{2,0,5208,-1,-508,-806,-25020},{-5,1,-1432,0x4CEA883F,-283,498,46179},{2,0,5208,-1,-508,-806,-25020},{2,0,5208,-1,-508,-806,-25020},{-5,1,-1432,0x4CEA883F,-283,498,46179},{2,0,5208,-1,-508,-806,-25020},{2,0,5208,-1,-508,-806,-25020}},{{4,0,-4730,-7,413,-1202,43586},{2,0,5208,-1,-508,-806,-25020},{4,0,-4730,-7,413,-1202,43586},{4,0,-4730,-7,413,-1202,43586},{2,0,5208,-1,-508,-806,-25020},{4,0,-4730,-7,413,-1202,43586},{4,0,-4730,-7,413,-1202,43586},{2,0,5208,-1,-508,-806,-25020}},{{2,0,5208,-1,-508,-806,-25020},{4,0,-4730,-7,413,-1202,43586},{4,0,-4730,-7,413,-1202,43586},{2,0,5208,-1,-508,-806,-25020},{4,0,-4730,-7,413,-1202,43586},{4,0,-4730,-7,413,-1202,43586},{2,0,5208,-1,-508,-806,-25020},{4,0,-4730,-7,413,-1202,43586}},{{2,0,5208,-1,-508,-806,-25020},{2,0,5208,-1,-508,-806,-25020},{-5,1,-1432,0x4CEA883F,-283,498,46179},{2,0,5208,-1,-508,-806,-25020},{2,0,5208,-1,-508,-806,-25020},{-5,1,-1432,0x4CEA883F,-283,498,46179},{2,0,5208,-1,-508,-806,-25020},{2,0,5208,-1,-508,-806,-25020}},{{4,0,-4730,-7,413,-1202,43586},{2,0,5208,-1,-508,-806,-25020},{4,0,-4730,-7,413,-1202,43586},{4,0,-4730,-7,413,-1202,43586},{2,0,5208,-1,-508,-806,-25020},{4,0,-4730,-7,413,-1202,43586},{4,0,-4730,-7,413,-1202,43586},{2,0,5208,-1,-508,-806,-25020}},{{2,0,5208,-1,-508,-806,-25020},{4,0,-4730,-7,413,-1202,43586},{4,0,-4730,-7,413,-1202,43586},{2,0,5208,-1,-508,-806,-25020},{4,0,-4730,-7,413,-1202,43586},{4,0,-4730,-7,413,-1202,43586},{2,0,5208,-1,-508,-806,-25020},{4,0,-4730,-7,413,-1202,43586}},{{2,0,5208,-1,-508,-806,-25020},{2,0,5208,-1,-508,-806,-25020},{-5,1,-1432,0x4CEA883F,-283,498,46179},{2,0,5208,-1,-508,-806,-25020},{2,0,5208,-1,-508,-806,-25020},{-5,1,-1432,0x4CEA883F,-283,498,46179},{2,0,5208,-1,-508,-806,-25020},{2,0,5208,-1,-508,-806,-25020}},{{4,0,-4730,-7,413,-1202,43586},{2,0,5208,-1,-508,-806,-25020},{4,0,-4730,-7,413,-1202,43586},{4,0,-4730,-7,413,-1202,43586},{2,0,5208,-1,-508,-806,-25020},{4,0,-4730,-7,413,-1202,43586},{4,0,-4730,-7,413,-1202,43586},{2,0,5208,-1,-508,-806,-25020}},{{2,0,5208,-1,-508,-806,-25020},{4,0,-4730,-7,413,-1202,43586},{4,0,-4730,-7,413,-1202,43586},{2,0,5208,-1,-508,-806,-25020},{4,0,-4730,-7,413,-1202,43586},{4,0,-4730,-7,413,-1202,43586},{2,0,5208,-1,-508,-806,-25020},{4,0,-4730,-7,413,-1202,43586}}};
static struct S1 g_1059 = {4294967295U,1U,3063,0x5FE2FC51,0x84E99D51,1,-8};/* VOLATILE GLOBAL g_1059 */
static struct S0 g_1066 = {5,0,3405,0xBB3AB777,276,1766,-36178};/* VOLATILE GLOBAL g_1066 */
static struct S0 g_1067[8][6][5] = {{{{-0,1,5164,1,-446,-1990,-33177},{-0,1,5164,1,-446,-1990,-33177},{-2,1,4152,0x9626F386,-132,-2022,31146},{-0,1,5164,1,-446,-1990,-33177},{-0,1,5164,1,-446,-1990,-33177}},{{-4,0,-3169,-1,440,-1288,7360},{5,0,4758,0x6F9A432F,-121,-1252,41958},{-4,0,-3169,-1,440,-1288,7360},{-4,0,-3169,-1,440,-1288,7360},{5,0,4758,0x6F9A432F,-121,-1252,41958}},{{-0,1,5164,1,-446,-1990,-33177},{7,1,3807,0xE4A987F3,444,-1710,-20535},{7,1,3807,0xE4A987F3,444,-1710,-20535},{-0,1,5164,1,-446,-1990,-33177},{7,1,3807,0xE4A987F3,444,-1710,-20535}},{{5,0,4758,0x6F9A432F,-121,-1252,41958},{5,0,4758,0x6F9A432F,-121,-1252,41958},{0,0,-4696,0xCC8127E2,-83,762,-25270},{5,0,4758,0x6F9A432F,-121,-1252,41958},{5,0,4758,0x6F9A432F,-121,-1252,41958}},{{7,1,3807,0xE4A987F3,444,-1710,-20535},{-0,1,5164,1,-446,-1990,-33177},{7,1,3807,0xE4A987F3,444,-1710,-20535},{7,1,3807,0xE4A987F3,444,-1710,-20535},{-0,1,5164,1,-446,-1990,-33177}},{{5,0,4758,0x6F9A432F,-121,-1252,41958},{-4,0,-3169,-1,440,-1288,7360},{-4,0,-3169,-1,440,-1288,7360},{5,0,4758,0x6F9A432F,-121,-1252,41958},{-4,0,-3169,-1,440,-1288,7360}}},{{{-0,1,5164,1,-446,-1990,-33177},{-0,1,5164,1,-446,-1990,-33177},{-2,1,4152,0x9626F386,-132,-2022,31146},{-0,1,5164,1,-446,-1990,-33177},{-0,1,5164,1,-446,-1990,-33177}},{{-4,0,-3169,-1,440,-1288,7360},{5,0,4758,0x6F9A432F,-121,-1252,41958},{-4,0,-3169,-1,440,-1288,7360},{-4,0,-3169,-1,440,-1288,7360},{5,0,4758,0x6F9A432F,-121,-1252,41958}},{{-0,1,5164,1,-446,-1990,-33177},{7,1,3807,0xE4A987F3,444,-1710,-20535},{7,1,3807,0xE4A987F3,444,-1710,-20535},{-0,1,5164,1,-446,-1990,-33177},{7,1,3807,0xE4A987F3,444,-1710,-20535}},{{5,0,4758,0x6F9A432F,-121,-1252,41958},{5,0,4758,0x6F9A432F,-121,-1252,41958},{0,0,-4696,0xCC8127E2,-83,762,-25270},{5,0,4758,0x6F9A432F,-121,-1252,41958},{5,0,4758,0x6F9A432F,-121,-1252,41958}},{{7,1,3807,0xE4A987F3,444,-1710,-20535},{-0,1,5164,1,-446,-1990,-33177},{7,1,3807,0xE4A987F3,444,-1710,-20535},{7,1,3807,0xE4A987F3,444,-1710,-20535},{-0,1,5164,1,-446,-1990,-33177}},{{5,0,4758,0x6F9A432F,-121,-1252,41958},{-4,0,-3169,-1,440,-1288,7360},{-4,0,-3169,-1,440,-1288,7360},{5,0,4758,0x6F9A432F,-121,-1252,41958},{-4,0,-3169,-1,440,-1288,7360}}},{{{-0,1,5164,1,-446,-1990,-33177},{-0,1,5164,1,-446,-1990,-33177},{-2,1,4152,0x9626F386,-132,-2022,31146},{-0,1,5164,1,-446,-1990,-33177},{-0,1,5164,1,-446,-1990,-33177}},{{-4,0,-3169,-1,440,-1288,7360},{-4,0,-3169,-1,440,-1288,7360},{0,0,-4696,0xCC8127E2,-83,762,-25270},{0,0,-4696,0xCC8127E2,-83,762,-25270},{-4,0,-3169,-1,440,-1288,7360}},{{7,1,3807,0xE4A987F3,444,-1710,-20535},{-2,1,4152,0x9626F386,-132,-2022,31146},{-2,1,4152,0x9626F386,-132,-2022,31146},{7,1,3807,0xE4A987F3,444,-1710,-20535},{-2,1,4152,0x9626F386,-132,-2022,31146}},{{-4,0,-3169,-1,440,-1288,7360},{-4,0,-3169,-1,440,-1288,7360},{5,0,4758,0x6F9A432F,-121,-1252,41958},{-4,0,-3169,-1,440,-1288,7360},{-4,0,-3169,-1,440,-1288,7360}},{{-2,1,4152,0x9626F386,-132,-2022,31146},{7,1,3807,0xE4A987F3,444,-1710,-20535},{-2,1,4152,0x9626F386,-132,-2022,31146},{-2,1,4152,0x9626F386,-132,-2022,31146},{7,1,3807,0xE4A987F3,444,-1710,-20535}},{{-4,0,-3169,-1,440,-1288,7360},{0,0,-4696,0xCC8127E2,-83,762,-25270},{0,0,-4696,0xCC8127E2,-83,762,-25270},{-4,0,-3169,-1,440,-1288,7360},{0,0,-4696,0xCC8127E2,-83,762,-25270}}},{{{7,1,3807,0xE4A987F3,444,-1710,-20535},{7,1,3807,0xE4A987F3,444,-1710,-20535},{-0,1,5164,1,-446,-1990,-33177},{7,1,3807,0xE4A987F3,444,-1710,-20535},{7,1,3807,0xE4A987F3,444,-1710,-20535}},{{0,0,-4696,0xCC8127E2,-83,762,-25270},{-4,0,-3169,-1,440,-1288,7360},{0,0,-4696,0xCC8127E2,-83,762,-25270},{0,0,-4696,0xCC8127E2,-83,762,-25270},{-4,0,-3169,-1,440,-1288,7360}},{{7,1,3807,0xE4A987F3,444,-1710,-20535},{-2,1,4152,0x9626F386,-132,-2022,31146},{-2,1,4152,0x9626F386,-132,-2022,31146},{7,1,3807,0xE4A987F3,444,-1710,-20535},{-2,1,4152,0x9626F386,-132,-2022,31146}},{{-4,0,-3169,-1,440,-1288,7360},{-4,0,-3169,-1,440,-1288,7360},{5,0,4758,0x6F9A432F,-121,-1252,41958},{-4,0,-3169,-1,440,-1288,7360},{-4,0,-3169,-1,440,-1288,7360}},{{-2,1,4152,0x9626F386,-132,-2022,31146},{7,1,3807,0xE4A987F3,444,-1710,-20535},{-2,1,4152,0x9626F386,-132,-2022,31146},{-2,1,4152,0x9626F386,-132,-2022,31146},{7,1,3807,0xE4A987F3,444,-1710,-20535}},{{-4,0,-3169,-1,440,-1288,7360},{0,0,-4696,0xCC8127E2,-83,762,-25270},{0,0,-4696,0xCC8127E2,-83,762,-25270},{-4,0,-3169,-1,440,-1288,7360},{0,0,-4696,0xCC8127E2,-83,762,-25270}}},{{{7,1,3807,0xE4A987F3,444,-1710,-20535},{7,1,3807,0xE4A987F3,444,-1710,-20535},{-0,1,5164,1,-446,-1990,-33177},{7,1,3807,0xE4A987F3,444,-1710,-20535},{7,1,3807,0xE4A987F3,444,-1710,-20535}},{{0,0,-4696,0xCC8127E2,-83,762,-25270},{-4,0,-3169,-1,440,-1288,7360},{0,0,-4696,0xCC8127E2,-83,762,-25270},{0,0,-4696,0xCC8127E2,-83,762,-25270},{-4,0,-3169,-1,440,-1288,7360}},{{7,1,3807,0xE4A987F3,444,-1710,-20535},{-2,1,4152,0x9626F386,-132,-2022,31146},{-2,1,4152,0x9626F386,-132,-2022,31146},{7,1,3807,0xE4A987F3,444,-1710,-20535},{-2,1,4152,0x9626F386,-132,-2022,31146}},{{-4,0,-3169,-1,440,-1288,7360},{-4,0,-3169,-1,440,-1288,7360},{5,0,4758,0x6F9A432F,-121,-1252,41958},{-4,0,-3169,-1,440,-1288,7360},{-4,0,-3169,-1,440,-1288,7360}},{{-2,1,4152,0x9626F386,-132,-2022,31146},{7,1,3807,0xE4A987F3,444,-1710,-20535},{-2,1,4152,0x9626F386,-132,-2022,31146},{-2,1,4152,0x9626F386,-132,-2022,31146},{7,1,3807,0xE4A987F3,444,-1710,-20535}},{{-4,0,-3169,-1,440,-1288,7360},{0,0,-4696,0xCC8127E2,-83,762,-25270},{0,0,-4696,0xCC8127E2,-83,762,-25270},{-4,0,-3169,-1,440,-1288,7360},{0,0,-4696,0xCC8127E2,-83,762,-25270}}},{{{7,1,3807,0xE4A987F3,444,-1710,-20535},{7,1,3807,0xE4A987F3,444,-1710,-20535},{-0,1,5164,1,-446,-1990,-33177},{7,1,3807,0xE4A987F3,444,-1710,-20535},{7,1,3807,0xE4A987F3,444,-1710,-20535}},{{0,0,-4696,0xCC8127E2,-83,762,-25270},{-4,0,-3169,-1,440,-1288,7360},{0,0,-4696,0xCC8127E2,-83,762,-25270},{0,0,-4696,0xCC8127E2,-83,762,-25270},{-4,0,-3169,-1,440,-1288,7360}},{{7,1,3807,0xE4A987F3,444,-1710,-20535},{-2,1,4152,0x9626F386,-132,-2022,31146},{-2,1,4152,0x9626F386,-132,-2022,31146},{7,1,3807,0xE4A987F3,444,-1710,-20535},{-2,1,4152,0x9626F386,-132,-2022,31146}},{{-4,0,-3169,-1,440,-1288,7360},{-4,0,-3169,-1,440,-1288,7360},{5,0,4758,0x6F9A432F,-121,-1252,41958},{-4,0,-3169,-1,440,-1288,7360},{-4,0,-3169,-1,440,-1288,7360}},{{-2,1,4152,0x9626F386,-132,-2022,31146},{7,1,3807,0xE4A987F3,444,-1710,-20535},{-2,1,4152,0x9626F386,-132,-2022,31146},{-2,1,4152,0x9626F386,-132,-2022,31146},{7,1,3807,0xE4A987F3,444,-1710,-20535}},{{-4,0,-3169,-1,440,-1288,7360},{0,0,-4696,0xCC8127E2,-83,762,-25270},{0,0,-4696,0xCC8127E2,-83,762,-25270},{-4,0,-3169,-1,440,-1288,7360},{0,0,-4696,0xCC8127E2,-83,762,-25270}}},{{{7,1,3807,0xE4A987F3,444,-1710,-20535},{7,1,3807,0xE4A987F3,444,-1710,-20535},{-0,1,5164,1,-446,-1990,-33177},{7,1,3807,0xE4A987F3,444,-1710,-20535},{7,1,3807,0xE4A987F3,444,-1710,-20535}},{{0,0,-4696,0xCC8127E2,-83,762,-25270},{-4,0,-3169,-1,440,-1288,7360},{0,0,-4696,0xCC8127E2,-83,762,-25270},{0,0,-4696,0xCC8127E2,-83,762,-25270},{-4,0,-3169,-1,440,-1288,7360}},{{7,1,3807,0xE4A987F3,444,-1710,-20535},{-2,1,4152,0x9626F386,-132,-2022,31146},{-2,1,4152,0x9626F386,-132,-2022,31146},{7,1,3807,0xE4A987F3,444,-1710,-20535},{-2,1,4152,0x9626F386,-132,-2022,31146}},{{-4,0,-3169,-1,440,-1288,7360},{-4,0,-3169,-1,440,-1288,7360},{5,0,4758,0x6F9A432F,-121,-1252,41958},{-4,0,-3169,-1,440,-1288,7360},{-4,0,-3169,-1,440,-1288,7360}},{{-2,1,4152,0x9626F386,-132,-2022,31146},{7,1,3807,0xE4A987F3,444,-1710,-20535},{-2,1,4152,0x9626F386,-132,-2022,31146},{-2,1,4152,0x9626F386,-132,-2022,31146},{7,1,3807,0xE4A987F3,444,-1710,-20535}},{{-4,0,-3169,-1,440,-1288,7360},{0,0,-4696,0xCC8127E2,-83,762,-25270},{0,0,-4696,0xCC8127E2,-83,762,-25270},{-4,0,-3169,-1,440,-1288,7360},{0,0,-4696,0xCC8127E2,-83,762,-25270}}},{{{7,1,3807,0xE4A987F3,444,-1710,-20535},{7,1,3807,0xE4A987F3,444,-1710,-20535},{-0,1,5164,1,-446,-1990,-33177},{7,1,3807,0xE4A987F3,444,-1710,-20535},{7,1,3807,0xE4A987F3,444,-1710,-20535}},{{0,0,-4696,0xCC8127E2,-83,762,-25270},{-4,0,-3169,-1,440,-1288,7360},{0,0,-4696,0xCC8127E2,-83,762,-25270},{0,0,-4696,0xCC8127E2,-83,762,-25270},{-4,0,-3169,-1,440,-1288,7360}},{{7,1,3807,0xE4A987F3,444,-1710,-20535},{-2,1,4152,0x9626F386,-132,-2022,31146},{-2,1,4152,0x9626F386,-132,-2022,31146},{7,1,3807,0xE4A987F3,444,-1710,-20535},{-2,1,4152,0x9626F386,-132,-2022,31146}},{{-4,0,-3169,-1,440,-1288,7360},{-4,0,-3169,-1,440,-1288,7360},{5,0,4758,0x6F9A432F,-121,-1252,41958},{-4,0,-3169,-1,440,-1288,7360},{-4,0,-3169,-1,440,-1288,7360}},{{-2,1,4152,0x9626F386,-132,-2022,31146},{7,1,3807,0xE4A987F3,444,-1710,-20535},{-2,1,4152,0x9626F386,-132,-2022,31146},{-2,1,4152,0x9626F386,-132,-2022,31146},{7,1,3807,0xE4A987F3,444,-1710,-20535}},{{-4,0,-3169,-1,440,-1288,7360},{0,0,-4696,0xCC8127E2,-83,762,-25270},{0,0,-4696,0xCC8127E2,-83,762,-25270},{-4,0,-3169,-1,440,-1288,7360},{0,0,-4696,0xCC8127E2,-83,762,-25270}}}};
static volatile struct S0 g_1077 = {5,0,4504,0x3AF10DA2,44,-1182,-39543};/* VOLATILE GLOBAL g_1077 */
static volatile struct S2 g_1078 = {24,-20322};/* VOLATILE GLOBAL g_1078 */
static struct S0 g_1111[3][3][10] = {{{{-1,1,-4509,0x7CC36C67,-147,-320,44401},{5,1,4074,1,149,1173,12067},{7,0,4337,0,28,807,12799},{5,1,4074,1,149,1173,12067},{-1,1,-4509,0x7CC36C67,-147,-320,44401},{-4,1,-3222,0xD9FCB8A7,-450,109,-42197},{-5,0,1426,0,262,1210,15735},{3,1,3614,0x9513DC93,-287,1008,35507},{7,0,4337,0,28,807,12799},{5,0,1676,7,-219,-332,2823}},{{-1,1,-4509,0x7CC36C67,-147,-320,44401},{-0,0,-631,0x12FA2013,77,-542,10275},{0,1,-4659,-8,-457,205,40417},{5,0,1676,7,-219,-332,2823},{0,1,5304,0x8BEF72F7,269,-698,18091},{4,1,2675,0x166D58E5,-228,214,11031},{-1,1,-4509,0x7CC36C67,-147,-320,44401},{-2,1,-4799,0xD5447502,296,1112,25599},{-2,0,-1593,-1,-162,-843,35417},{-0,0,-631,0x12FA2013,77,-542,10275}},{{-6,0,3396,4,-510,-1073,-31454},{-0,0,-631,0x12FA2013,77,-542,10275},{-6,0,3396,4,-510,-1073,-31454},{3,0,-144,0x383749D7,20,-926,29154},{0,1,-4659,-8,-457,205,40417},{-4,1,-3222,0xD9FCB8A7,-450,109,-42197},{7,0,4337,0,28,807,12799},{-0,0,-631,0x12FA2013,77,-542,10275},{-2,0,-1593,-1,-162,-843,35417},{-2,1,-4799,0xD5447502,296,1112,25599}}},{{{0,1,2838,-1,-290,-954,-15627},{4,1,2675,0x166D58E5,-228,214,11031},{-5,0,1426,0,262,1210,15735},{-0,0,-631,0x12FA2013,77,-542,10275},{0,1,5304,0x8BEF72F7,269,-698,18091},{3,1,3614,0x9513DC93,-287,1008,35507},{0,1,5304,0x8BEF72F7,269,-698,18091},{-0,0,-631,0x12FA2013,77,-542,10275},{-5,0,1426,0,262,1210,15735},{4,1,2675,0x166D58E5,-228,214,11031}},{{0,1,5304,0x8BEF72F7,269,-698,18091},{-4,1,-3222,0xD9FCB8A7,-450,109,-42197},{-6,0,3396,4,-510,-1073,-31454},{-6,0,4078,-5,92,-777,41425},{-2,0,-1593,-1,-162,-843,35417},{3,0,-144,0x383749D7,20,-926,29154},{0,1,5304,0x8BEF72F7,269,-698,18091},{-2,1,-4799,0xD5447502,296,1112,25599},{7,0,4337,0,28,807,12799},{-6,0,4078,-5,92,-777,41425}},{{-6,0,3396,4,-510,-1073,-31454},{4,1,2675,0x166D58E5,-228,214,11031},{7,0,4337,0,28,807,12799},{3,0,-144,0x383749D7,20,-926,29154},{0,1,2838,-1,-290,-954,-15627},{3,0,-144,0x383749D7,20,-926,29154},{7,0,4337,0,28,807,12799},{4,1,2675,0x166D58E5,-228,214,11031},{-6,0,3396,4,-510,-1073,-31454},{-2,1,-4799,0xD5447502,296,1112,25599}}},{{{0,1,5304,0x8BEF72F7,269,-698,18091},{-0,0,-631,0x12FA2013,77,-542,10275},{-5,0,1426,0,262,1210,15735},{4,1,2675,0x166D58E5,-228,214,11031},{0,1,2838,-1,-290,-954,-15627},{3,1,3614,0x9513DC93,-287,1008,35507},{0,1,-4659,-8,-457,205,40417},{-6,0,4078,-5,92,-777,41425},{-5,0,1426,0,262,1210,15735},{-6,0,4078,-5,92,-777,41425}},{{0,1,2838,-1,-290,-954,-15627},{-4,1,-3222,0xD9FCB8A7,-450,109,-42197},{-2,0,-1593,-1,-162,-843,35417},{4,1,2675,0x166D58E5,-228,214,11031},{-2,0,-1593,-1,-162,-843,35417},{-4,1,-3222,0xD9FCB8A7,-450,109,-42197},{0,1,2838,-1,-290,-954,-15627},{-2,1,-4799,0xD5447502,296,1112,25599},{-6,0,3396,4,-510,-1073,-31454},{4,1,2675,0x166D58E5,-228,214,11031}},{{-6,0,3396,4,-510,-1073,-31454},{-6,0,4078,-5,92,-777,41425},{-2,0,-1593,-1,-162,-843,35417},{3,0,-144,0x383749D7,20,-926,29154},{0,1,5304,0x8BEF72F7,269,-698,18091},{-2,1,-4799,0xD5447502,296,1112,25599},{7,0,4337,0,28,807,12799},{-6,0,4078,-5,92,-777,41425},{7,0,4337,0,28,807,12799},{-2,1,-4799,0xD5447502,296,1112,25599}}}};
static volatile int32_t * volatile * volatile * const  volatile *g_1154 = (void*)0;
static volatile int32_t * volatile * volatile * const  volatile ** const g_1153 = &g_1154;
static volatile int16_t g_1183 = 0x0386;/* VOLATILE GLOBAL g_1183 */
static struct S1 ** volatile g_1206[1][2] = {{&g_410,&g_410}};
static struct S1 ** volatile g_1207[5] = {(void*)0,(void*)0,(void*)0,(void*)0,(void*)0};
static struct S2 g_1246 = {-29,-14122};/* VOLATILE GLOBAL g_1246 */
static struct S2 ** volatile g_1252 = (void*)0;/* VOLATILE GLOBAL g_1252 */
static struct S2 ** volatile g_1253 = &g_203;/* VOLATILE GLOBAL g_1253 */
static uint32_t g_1262 = 4294967295U;
static volatile struct S0 g_1273 = {-6,0,-4712,0xB2B669B3,-67,1957,26048};/* VOLATILE GLOBAL g_1273 */
static volatile struct S0 g_1274 = {-5,0,-5688,1,-246,1457,-29603};/* VOLATILE GLOBAL g_1274 */
static int32_t ****g_1339[8] = {&g_834,&g_834,&g_834,&g_834,&g_834,&g_834,&g_834,&g_834};
static int32_t ****g_1340 = &g_834;
static int32_t * volatile g_1344 = &g_1043[6][0].f3;/* VOLATILE GLOBAL g_1344 */
static struct S0 **** volatile g_1345[8] = {&g_1018,&g_1018,&g_1018,&g_1018,&g_1018,&g_1018,&g_1018,&g_1018};
static struct S0 g_1369 = {-4,0,-5013,-1,-57,1459,23726};/* VOLATILE GLOBAL g_1369 */
static struct S0 g_1385[10] = {{3,1,2028,5,444,-637,18378},{3,1,2028,5,444,-637,18378},{3,1,2028,5,444,-637,18378},{3,1,2028,5,444,-637,18378},{3,1,2028,5,444,-637,18378},{3,1,2028,5,444,-637,18378},{3,1,2028,5,444,-637,18378},{3,1,2028,5,444,-637,18378},{3,1,2028,5,444,-637,18378},{3,1,2028,5,444,-637,18378}};
static int32_t ** volatile g_1458 = &g_545;/* VOLATILE GLOBAL g_1458 */
static uint16_t g_1474 = 0x8497;
static volatile int32_t g_1481 = (-5);/* VOLATILE GLOBAL g_1481 */
static volatile struct S0 g_1485 = {5,0,-2014,-1,65,1769,-36610};/* VOLATILE GLOBAL g_1485 */
static volatile int16_t *g_1497 = (void*)0;
static volatile int16_t **g_1496 = &g_1497;
static volatile int16_t *** volatile g_1495 = &g_1496;/* VOLATILE GLOBAL g_1495 */
static volatile int16_t *** volatile *g_1494 = &g_1495;
static volatile int16_t *** volatile **g_1493 = &g_1494;
static int32_t * volatile g_1556 = &g_386[3].f4;/* VOLATILE GLOBAL g_1556 */
static const uint32_t g_1559[1] = {1U};
static struct S1 g_1569 = {0U,0x78720350,-4033,4294967295U,0x288151B2,0x1270,0};/* VOLATILE GLOBAL g_1569 */
static struct S2 g_1576 = {-1,-7704};/* VOLATILE GLOBAL g_1576 */
static int32_t g_1612 = 0x6AF029F1;
