/*
 * This is a RANDOMLY GENERATED PROGRAM.
 *
 * Generator: csmith 2.3.0
 * Git version: 30dccd7
 * Options:   --argc --arrays --bitfields --no-comma-operators --compound-assignment --no-consts --divs --no-embedded-assigns --no-pre-incr-operator --no-pre-decr-operator --post-incr-operator --no-post-decr-operator --unary-plus-operator --no-jumps --no-longlong --no-int8 --no-uint8 --no-float --math64 --inline-function --no-muls --safe-math --packed-struct --paranoid --pointers --structs --no-unions --volatiles --volatile-pointers --const-pointers --global-variabless --builtins
 * Seed:      2981468792
 */


#define NO_LONGLONG

#include "csmith.h"


static long __undefined;

/* --- Struct/Union Declarations --- */
#pragma pack(push)
#pragma pack(1)
struct S0 {
   volatile signed f0 : 10;
   signed f1 : 23;
   signed f2 : 29;
   volatile int32_t  f3;
   signed f4 : 6;
   unsigned f5 : 26;
   unsigned f6 : 19;
   volatile signed : 0;
   unsigned f7 : 17;
};
#pragma pack(pop)

/* --- GLOBAL VARIABLES --- */
static int32_t g_6 = 8;
static int32_t g_33 = 0;
static volatile uint16_t g_89[1] = {1U};
static volatile int32_t g_120 = 0x6E9852BC;/* VOLATILE GLOBAL g_120 */
static volatile int32_t g_121[2][10][1] = {{{0x41811343},{0x6A7FFA30},{0x25D0D300},{0x6A7FFA30},{0x41811343},{0x25D0D300},{0x68E4F1A1},{0x68E4F1A1},{0x25D0D300},{0x41811343}},{{0x6A7FFA30},{0x25D0D300},{0x6A7FFA30},{0x41811343},{0x25D0D300},{0x68E4F1A1},{0x68E4F1A1},{0x25D0D300},{0x41811343},{0x6A7FFA30}}};
static volatile int32_t g_122 = (-9);/* VOLATILE GLOBAL g_122 */
static volatile int32_t g_123[4] = {0x10172C61,0x10172C61,0x10172C61,0x10172C61};
static volatile int32_t g_124 = 0x8BAA40D6;/* VOLATILE GLOBAL g_124 */
static volatile int32_t *g_119[4][8] = {{&g_123[2],&g_123[2],&g_121[0][4][0],&g_123[2],&g_123[2],&g_121[0][4][0],&g_123[2],&g_123[2]},{&g_124,&g_123[2],&g_124,&g_124,&g_123[2],&g_124,&g_124,&g_123[2]},{&g_123[2],&g_124,&g_124,&g_123[2],&g_124,&g_121[0][4][0],&g_124,&g_121[0][4][0]},{&g_124,&g_124,&g_123[2],&g_124,&g_124,&g_123[2],&g_124,&g_124}};
static volatile int32_t **g_167 = &g_119[3][4];
static int16_t g_172[2] = {0x8CD2,0x8CD2};
static int32_t g_227[4] = {0xFF72D6A1,0xFF72D6A1,0xFF72D6A1,0xFF72D6A1};
static uint32_t g_247 = 0x9C2ED7BF;
static uint32_t g_252[2] = {0x2C39B06F,0x2C39B06F};
static int32_t g_257 = 0x0D023A19;
static struct S0 g_267 = {-26,857,-6077,0x5C1140D0,-7,6376,268,234};/* VOLATILE GLOBAL g_267 */
static struct S0 g_271 = {-16,-1657,21673,0x2DD5C52C,7,5432,445,312};/* VOLATILE GLOBAL g_271 */
static struct S0 g_272 = {8,1153,149,0x2343345A,6,7436,698,101};/* VOLATILE GLOBAL g_272 */
static struct S0 g_273 = {-25,-2799,-19596,9,7,777,708,140};/* VOLATILE GLOBAL g_273 */
static struct S0 g_274 = {10,-369,2872,0xA1FF17B4,6,6383,318,50};/* VOLATILE GLOBAL g_274 */
static struct S0 g_275 = {-27,1485,-17260,0x0752AFE8,-4,2222,216,177};/* VOLATILE GLOBAL g_275 */
static struct S0 g_276 = {-11,-1861,389,-1,7,4717,706,201};/* VOLATILE GLOBAL g_276 */
static struct S0 g_277 = {9,-1081,17656,0x20F7FBA5,-4,869,523,67};/* VOLATILE GLOBAL g_277 */
static struct S0 g_278 = {-13,1647,8440,3,1,4746,93,27};/* VOLATILE GLOBAL g_278 */
static struct S0 g_279 = {-0,2803,-6976,1,1,8032,275,72};/* VOLATILE GLOBAL g_279 */
static struct S0 g_280 = {21,-2008,18175,0xA874AC12,-5,3419,641,181};/* VOLATILE GLOBAL g_280 */
static struct S0 g_281 = {-7,816,-22903,0x8C04AD94,-1,5273,569,50};/* VOLATILE GLOBAL g_281 */
static struct S0 g_282 = {29,1254,18846,0x358411FD,1,6586,218,236};/* VOLATILE GLOBAL g_282 */
static struct S0 g_283 = {27,1802,1826,0xB79DAD97,-0,5183,648,357};/* VOLATILE GLOBAL g_283 */
static struct S0 g_284[7][5][2] = {{{{1,438,-8607,0xFE86878F,-6,235,386,162},{-9,2216,17152,8,5,3447,517,193}},{{15,1260,-9210,0x384E5074,-7,3381,125,26},{-27,760,-6848,0,1,4088,65,166}},{{-19,-2671,-8811,3,-6,5245,654,99},{21,-2576,-2975,-1,5,1303,615,173}},{{5,-1036,-1847,0x88D38B64,4,6058,20,233},{5,-1036,-1847,0x88D38B64,4,6058,20,233}},{{-27,760,-6848,0,1,4088,65,166},{1,438,-8607,0xFE86878F,-6,235,386,162}}},{{{-1,2802,18112,0x2BF705E1,4,6933,649,146},{9,2526,-5764,1,-1,2484,562,191}},{{-1,-813,-13728,-10,4,2198,271,209},{14,-367,-2916,-1,0,5012,306,307}},{{4,1264,11130,-1,-4,5812,19,14},{-1,-813,-13728,-10,4,2198,271,209}},{{6,2795,-12847,0x76AC9240,2,5120,317,184},{15,1260,-9210,0x384E5074,-7,3381,125,26}},{{6,2795,-12847,0x76AC9240,2,5120,317,184},{-1,-813,-13728,-10,4,2198,271,209}}},{{{4,1264,11130,-1,-4,5812,19,14},{14,-367,-2916,-1,0,5012,306,307}},{{-1,-813,-13728,-10,4,2198,271,209},{9,2526,-5764,1,-1,2484,562,191}},{{-1,2802,18112,0x2BF705E1,4,6933,649,146},{1,438,-8607,0xFE86878F,-6,235,386,162}},{{-27,760,-6848,0,1,4088,65,166},{5,-1036,-1847,0x88D38B64,4,6058,20,233}},{{5,-1036,-1847,0x88D38B64,4,6058,20,233},{21,-2576,-2975,-1,5,1303,615,173}}},{{{-19,-2671,-8811,3,-6,5245,654,99},{-27,760,-6848,0,1,4088,65,166}},{{15,1260,-9210,0x384E5074,-7,3381,125,26},{-9,2216,17152,8,5,3447,517,193}},{{1,438,-8607,0xFE86878F,-6,235,386,162},{-9,2216,17152,8,5,3447,517,193}},{{15,1260,-9210,0x384E5074,-7,3381,125,26},{-27,760,-6848,0,1,4088,65,166}},{{-19,-2671,-8811,3,-6,5245,654,99},{21,-2576,-2975,-1,5,1303,615,173}}},{{{5,-1036,-1847,0x88D38B64,4,6058,20,233},{5,-1036,-1847,0x88D38B64,4,6058,20,233}},{{-27,760,-6848,0,1,4088,65,166},{1,438,-8607,0xFE86878F,-6,235,386,162}},{{-1,2802,18112,0x2BF705E1,4,6933,649,146},{9,2526,-5764,1,-1,2484,562,191}},{{-1,-813,-13728,-10,4,2198,271,209},{14,-367,-2916,-1,0,5012,306,307}},{{4,1264,11130,-1,-4,5812,19,14},{-1,-813,-13728,-10,4,2198,271,209}}},{{{6,2795,-12847,0x76AC9240,2,5120,317,184},{15,1260,-9210,0x384E5074,-7,3381,125,26}},{{6,2795,-12847,0x76AC9240,2,5120,317,184},{-1,-813,-13728,-10,4,2198,271,209}},{{4,1264,11130,-1,-4,5812,19,14},{14,-367,-2916,-1,0,5012,306,307}},{{-1,-813,-13728,-10,4,2198,271,209},{9,2526,-5764,1,-1,2484,562,191}},{{-1,2802,18112,0x2BF705E1,4,6933,649,146},{1,438,-8607,0xFE86878F,-6,235,386,162}}},{{{-27,760,-6848,0,1,4088,65,166},{5,-1036,-1847,0x88D38B64,4,6058,20,233}},{{5,-1036,-1847,0x88D38B64,4,6058,20,233},{21,-2576,-2975,-1,5,1303,615,173}},{{-19,-2671,-8811,3,-6,5245,654,99},{-27,760,-6848,0,1,4088,65,166}},{{15,1260,-9210,0x384E5074,-7,3381,125,26},{-9,2216,17152,8,5,3447,517,193}},{{1,438,-8607,0xFE86878F,-6,235,386,162},{-9,2216,17152,8,5,3447,517,193}}}};
static struct S0 g_285 = {6,-212,19610,0xA831BD17,6,3351,89,319};/* VOLATILE GLOBAL g_285 */
static struct S0 g_286[10][9][2] = {{{{18,1721,21834,0xE56490D0,-0,604,404,221},{-20,1132,2874,0x36B8790D,5,6931,562,198}},{{-11,1230,-16775,0x1A939F94,3,3428,444,142},{3,2384,-20394,1,-6,4382,497,59}},{{0,705,-16768,1,5,3376,430,129},{-20,1132,2874,0x36B8790D,5,6931,562,198}},{{7,-1640,5007,0x767E7712,6,5376,177,121},{8,1905,-24,0x90FF4218,4,537,288,97}},{{-19,2880,15028,0xBF3483A1,-3,6235,613,22},{3,2384,-20394,1,-6,4382,497,59}},{{6,1204,19772,0xC52C26C8,-6,6787,631,212},{20,445,-18131,0x69A38A46,5,2043,184,269}},{{18,1721,21834,0xE56490D0,-0,604,404,221},{20,445,-18131,0x69A38A46,5,2043,184,269}},{{6,1204,19772,0xC52C26C8,-6,6787,631,212},{3,2384,-20394,1,-6,4382,497,59}},{{-19,2880,15028,0xBF3483A1,-3,6235,613,22},{8,1905,-24,0x90FF4218,4,537,288,97}}},{{{7,-1640,5007,0x767E7712,6,5376,177,121},{-20,1132,2874,0x36B8790D,5,6931,562,198}},{{0,705,-16768,1,5,3376,430,129},{3,2384,-20394,1,-6,4382,497,59}},{{-11,1230,-16775,0x1A939F94,3,3428,444,142},{-20,1132,2874,0x36B8790D,5,6931,562,198}},{{18,1721,21834,0xE56490D0,-0,604,404,221},{8,1905,-24,0x90FF4218,4,537,288,97}},{{0,2642,-3957,0x3080555A,0,6794,137,216},{3,2384,-20394,1,-6,4382,497,59}},{{-6,-2184,-22631,-1,7,4232,286,102},{20,445,-18131,0x69A38A46,5,2043,184,269}},{{7,-1640,5007,0x767E7712,6,5376,177,121},{20,445,-18131,0x69A38A46,5,2043,184,269}},{{-6,-2184,-22631,-1,7,4232,286,102},{3,2384,-20394,1,-6,4382,497,59}},{{0,2642,-3957,0x3080555A,0,6794,137,216},{8,1905,-24,0x90FF4218,4,537,288,97}}},{{{18,1721,21834,0xE56490D0,-0,604,404,221},{-20,1132,2874,0x36B8790D,5,6931,562,198}},{{-11,1230,-16775,0x1A939F94,3,3428,444,142},{3,2384,-20394,1,-6,4382,497,59}},{{0,705,-16768,1,5,3376,430,129},{-20,1132,2874,0x36B8790D,5,6931,562,198}},{{7,-1640,5007,0x767E7712,6,5376,177,121},{8,1905,-24,0x90FF4218,4,537,288,97}},{{-19,2880,15028,0xBF3483A1,-3,6235,613,22},{3,2384,-20394,1,-6,4382,497,59}},{{6,1204,19772,0xC52C26C8,-6,6787,631,212},{20,445,-18131,0x69A38A46,5,2043,184,269}},{{18,1721,21834,0xE56490D0,-0,604,404,221},{20,445,-18131,0x69A38A46,5,2043,184,269}},{{6,1204,19772,0xC52C26C8,-6,6787,631,212},{3,2384,-20394,1,-6,4382,497,59}},{{-19,2880,15028,0xBF3483A1,-3,6235,613,22},{8,1905,-24,0x90FF4218,4,537,288,97}}},{{{7,-1640,5007,0x767E7712,6,5376,177,121},{-20,1132,2874,0x36B8790D,5,6931,562,198}},{{0,705,-16768,1,5,3376,430,129},{3,2384,-20394,1,-6,4382,497,59}},{{-11,1230,-16775,0x1A939F94,3,3428,444,142},{-20,1132,2874,0x36B8790D,5,6931,562,198}},{{18,1721,21834,0xE56490D0,-0,604,404,221},{8,1905,-24,0x90FF4218,4,537,288,97}},{{0,2642,-3957,0x3080555A,0,6794,137,216},{3,2384,-20394,1,-6,4382,497,59}},{{-6,-2184,-22631,-1,7,4232,286,102},{20,445,-18131,0x69A38A46,5,2043,184,269}},{{7,-1640,5007,0x767E7712,6,5376,177,121},{20,445,-18131,0x69A38A46,5,2043,184,269}},{{-6,-2184,-22631,-1,7,4232,286,102},{3,2384,-20394,1,-6,4382,497,59}},{{0,2642,-3957,0x3080555A,0,6794,137,216},{8,1905,-24,0x90FF4218,4,537,288,97}}},{{{18,1721,21834,0xE56490D0,-0,604,404,221},{-20,1132,2874,0x36B8790D,5,6931,562,198}},{{-11,1230,-16775,0x1A939F94,3,3428,444,142},{3,2384,-20394,1,-6,4382,497,59}},{{0,705,-16768,1,5,3376,430,129},{-20,1132,2874,0x36B8790D,5,6931,562,198}},{{7,-1640,5007,0x767E7712,6,5376,177,121},{8,1905,-24,0x90FF4218,4,537,288,97}},{{-19,2880,15028,0xBF3483A1,-3,6235,613,22},{3,2384,-20394,1,-6,4382,497,59}},{{6,1204,19772,0xC52C26C8,-6,6787,631,212},{20,445,-18131,0x69A38A46,5,2043,184,269}},{{18,1721,21834,0xE56490D0,-0,604,404,221},{20,445,-18131,0x69A38A46,5,2043,184,269}},{{6,1204,19772,0xC52C26C8,-6,6787,631,212},{3,2384,-20394,1,-6,4382,497,59}},{{-19,2880,15028,0xBF3483A1,-3,6235,613,22},{8,1905,-24,0x90FF4218,4,537,288,97}}},{{{7,-1640,5007,0x767E7712,6,5376,177,121},{-20,1132,2874,0x36B8790D,5,6931,562,198}},{{0,705,-16768,1,5,3376,430,129},{3,2384,-20394,1,-6,4382,497,59}},{{-11,1230,-16775,0x1A939F94,3,3428,444,142},{-20,1132,2874,0x36B8790D,5,6931,562,198}},{{18,1721,21834,0xE56490D0,-0,604,404,221},{8,1905,-24,0x90FF4218,4,537,288,97}},{{0,2642,-3957,0x3080555A,0,6794,137,216},{3,2384,-20394,1,-6,4382,497,59}},{{-6,-2184,-22631,-1,7,4232,286,102},{20,445,-18131,0x69A38A46,5,2043,184,269}},{{7,2096,4975,-1,-2,3667,131,199},{-21,1279,-1584,-3,5,536,496,315}},{{18,1721,21834,0xE56490D0,-0,604,404,221},{26,534,2797,0x49B8A88D,-6,5730,256,152}},{{10,2306,149,1,-3,7890,147,345},{3,2026,-5511,0xA984D779,6,4506,682,51}}},{{{23,1493,14962,-1,-6,6343,520,212},{3,2384,-20394,1,-6,4382,497,59}},{{-5,2379,21424,0x11B011C7,7,4287,567,80},{26,534,2797,0x49B8A88D,-6,5730,256,152}},{{30,-789,7330,0xDD3B4845,-3,2559,345,212},{3,2384,-20394,1,-6,4382,497,59}},{{7,2096,4975,-1,-2,3667,131,199},{3,2026,-5511,0xA984D779,6,4506,682,51}},{{26,-1471,8336,1,-3,4809,180,32},{26,534,2797,0x49B8A88D,-6,5730,256,152}},{{7,-1640,5007,0x767E7712,6,5376,177,121},{-21,1279,-1584,-3,5,536,496,315}},{{23,1493,14962,-1,-6,6343,520,212},{-21,1279,-1584,-3,5,536,496,315}},{{7,-1640,5007,0x767E7712,6,5376,177,121},{26,534,2797,0x49B8A88D,-6,5730,256,152}},{{26,-1471,8336,1,-3,4809,180,32},{3,2026,-5511,0xA984D779,6,4506,682,51}}},{{{7,2096,4975,-1,-2,3667,131,199},{3,2384,-20394,1,-6,4382,497,59}},{{30,-789,7330,0xDD3B4845,-3,2559,345,212},{26,534,2797,0x49B8A88D,-6,5730,256,152}},{{-5,2379,21424,0x11B011C7,7,4287,567,80},{3,2384,-20394,1,-6,4382,497,59}},{{23,1493,14962,-1,-6,6343,520,212},{3,2026,-5511,0xA984D779,6,4506,682,51}},{{10,2306,149,1,-3,7890,147,345},{26,534,2797,0x49B8A88D,-6,5730,256,152}},{{18,1721,21834,0xE56490D0,-0,604,404,221},{-21,1279,-1584,-3,5,536,496,315}},{{7,2096,4975,-1,-2,3667,131,199},{-21,1279,-1584,-3,5,536,496,315}},{{18,1721,21834,0xE56490D0,-0,604,404,221},{26,534,2797,0x49B8A88D,-6,5730,256,152}},{{10,2306,149,1,-3,7890,147,345},{3,2026,-5511,0xA984D779,6,4506,682,51}}},{{{23,1493,14962,-1,-6,6343,520,212},{3,2384,-20394,1,-6,4382,497,59}},{{-5,2379,21424,0x11B011C7,7,4287,567,80},{26,534,2797,0x49B8A88D,-6,5730,256,152}},{{30,-789,7330,0xDD3B4845,-3,2559,345,212},{3,2384,-20394,1,-6,4382,497,59}},{{7,2096,4975,-1,-2,3667,131,199},{3,2026,-5511,0xA984D779,6,4506,682,51}},{{26,-1471,8336,1,-3,4809,180,32},{26,534,2797,0x49B8A88D,-6,5730,256,152}},{{7,-1640,5007,0x767E7712,6,5376,177,121},{-21,1279,-1584,-3,5,536,496,315}},{{23,1493,14962,-1,-6,6343,520,212},{-21,1279,-1584,-3,5,536,496,315}},{{7,-1640,5007,0x767E7712,6,5376,177,121},{26,534,2797,0x49B8A88D,-6,5730,256,152}},{{26,-1471,8336,1,-3,4809,180,32},{3,2026,-5511,0xA984D779,6,4506,682,51}}},{{{7,2096,4975,-1,-2,3667,131,199},{3,2384,-20394,1,-6,4382,497,59}},{{30,-789,7330,0xDD3B4845,-3,2559,345,212},{26,534,2797,0x49B8A88D,-6,5730,256,152}},{{-5,2379,21424,0x11B011C7,7,4287,567,80},{3,2384,-20394,1,-6,4382,497,59}},{{23,1493,14962,-1,-6,6343,520,212},{3,2026,-5511,0xA984D779,6,4506,682,51}},{{10,2306,149,1,-3,7890,147,345},{26,534,2797,0x49B8A88D,-6,5730,256,152}},{{18,1721,21834,0xE56490D0,-0,604,404,221},{-21,1279,-1584,-3,5,536,496,315}},{{7,2096,4975,-1,-2,3667,131,199},{-21,1279,-1584,-3,5,536,496,315}},{{18,1721,21834,0xE56490D0,-0,604,404,221},{26,534,2797,0x49B8A88D,-6,5730,256,152}},{{10,2306,149,1,-3,7890,147,345},{3,2026,-5511,0xA984D779,6,4506,682,51}}}};
static struct S0 g_287[8][2][7] = {{{{-9,-1018,-3752,1,-7,6424,153,331},{-0,2779,-14150,-10,5,3133,145,325},{-0,2779,-14150,-10,5,3133,145,325},{-9,-1018,-3752,1,-7,6424,153,331},{-2,-2232,4436,0xA541CA58,4,3588,526,18},{27,1159,18228,-1,-5,7848,190,213},{10,1805,1184,0xE425B9E7,-0,6991,415,72}},{{-26,2035,8302,0x7B25053C,3,6774,299,116},{-12,-228,4349,0xD6041D87,-7,6840,253,81},{11,2411,18195,0,-4,5946,363,135},{-13,-547,9781,0x2BE5E30A,7,2746,573,345},{-22,1582,7145,-8,7,7396,301,35},{-22,1582,7145,-8,7,7396,301,35},{-13,-547,9781,0x2BE5E30A,7,2746,573,345}}},{{{-11,-1853,13459,0,0,1260,159,337},{20,1253,-18519,1,0,6325,129,33},{-11,-1853,13459,0,0,1260,159,337},{27,1159,18228,-1,-5,7848,190,213},{-31,-16,1830,0x1155B47B,5,1037,715,58},{21,2420,3599,1,-1,327,159,135},{10,1805,1184,0xE425B9E7,-0,6991,415,72}},{{-27,1307,14231,0xB2792730,-4,3557,513,190},{11,678,6640,7,-1,812,93,348},{0,1031,-12427,0x00F43A48,7,2608,299,115},{11,2411,18195,0,-4,5946,363,135},{10,-547,-5791,0x9D29158F,6,5818,613,263},{11,2411,18195,0,-4,5946,363,135},{0,1031,-12427,0x00F43A48,7,2608,299,115}}},{{{-31,-16,1830,0x1155B47B,5,1037,715,58},{-31,-16,1830,0x1155B47B,5,1037,715,58},{-2,-2232,4436,0xA541CA58,4,3588,526,18},{-30,1683,5353,-2,5,5658,170,115},{-11,1066,4083,8,3,6067,515,85},{21,2420,3599,1,-1,327,159,135},{20,1253,-18519,1,0,6325,129,33}},{{16,-1926,-20608,0x1E32876B,-5,755,488,351},{9,1756,-21005,0x27224D03,-4,1329,424,176},{-22,1582,7145,-8,7,7396,301,35},{-27,2889,-4835,0xAA61B473,2,2888,588,162},{-27,2889,-4835,0xAA61B473,2,2888,588,162},{-22,1582,7145,-8,7,7396,301,35},{9,1756,-21005,0x27224D03,-4,1329,424,176}}},{{{-0,2779,-14150,-10,5,3133,145,325},{30,-1088,2174,-1,7,3309,194,117},{-31,-16,1830,0x1155B47B,5,1037,715,58},{-11,-1853,13459,0,0,1260,159,337},{-11,1066,4083,8,3,6067,515,85},{27,1159,18228,-1,-5,7848,190,213},{-30,1683,5353,-2,5,5658,170,115}},{{-22,1582,7145,-8,7,7396,301,35},{-27,1307,14231,0xB2792730,-4,3557,513,190},{10,-547,-5791,0x9D29158F,6,5818,613,263},{9,1756,-21005,0x27224D03,-4,1329,424,176},{10,-547,-5791,0x9D29158F,6,5818,613,263},{-27,1307,14231,0xB2792730,-4,3557,513,190},{-22,1582,7145,-8,7,7396,301,35}}},{{{-30,1683,5353,-2,5,5658,170,115},{27,1159,18228,-1,-5,7848,190,213},{-11,1066,4083,8,3,6067,515,85},{-11,-1853,13459,0,0,1260,159,337},{-31,-16,1830,0x1155B47B,5,1037,715,58},{30,-1088,2174,-1,7,3309,194,117},{-0,2779,-14150,-10,5,3133,145,325}},{{9,1756,-21005,0x27224D03,-4,1329,424,176},{-22,1582,7145,-8,7,7396,301,35},{-27,2889,-4835,0xAA61B473,2,2888,588,162},{-27,2889,-4835,0xAA61B473,2,2888,588,162},{-22,1582,7145,-8,7,7396,301,35},{9,1756,-21005,0x27224D03,-4,1329,424,176},{16,-1926,-20608,0x1E32876B,-5,755,488,351}}},{{{20,1253,-18519,1,0,6325,129,33},{21,2420,3599,1,-1,327,159,135},{-11,1066,4083,8,3,6067,515,85},{-30,1683,5353,-2,5,5658,170,115},{-2,-2232,4436,0xA541CA58,4,3588,526,18},{-31,-16,1830,0x1155B47B,5,1037,715,58},{-31,-16,1830,0x1155B47B,5,1037,715,58}},{{0,1031,-12427,0x00F43A48,7,2608,299,115},{11,2411,18195,0,-4,5946,363,135},{10,-547,-5791,0x9D29158F,6,5818,613,263},{11,2411,18195,0,-4,5946,363,135},{0,1031,-12427,0x00F43A48,7,2608,299,115},{11,678,6640,7,-1,812,93,348},{-27,1307,14231,0xB2792730,-4,3557,513,190}}},{{{10,1805,1184,0xE425B9E7,-0,6991,415,72},{21,2420,3599,1,-1,327,159,135},{-31,-16,1830,0x1155B47B,5,1037,715,58},{27,1159,18228,-1,-5,7848,190,213},{-11,-1853,13459,0,0,1260,159,337},{20,1253,-18519,1,0,6325,129,33},{-11,-1853,13459,0,0,1260,159,337}},{{-13,-547,9781,0x2BE5E30A,7,2746,573,345},{-22,1582,7145,-8,7,7396,301,35},{-22,1582,7145,-8,7,7396,301,35},{-13,-547,9781,0x2BE5E30A,7,2746,573,345},{11,2411,18195,0,-4,5946,363,135},{-12,-228,4349,0xD6041D87,-7,6840,253,81},{-26,2035,8302,0x7B25053C,3,6774,299,116}}},{{{10,1805,1184,0xE425B9E7,-0,6991,415,72},{27,1159,18228,-1,-5,7848,190,213},{-2,-2232,4436,0xA541CA58,4,3588,526,18},{-9,-1018,-3752,1,-7,6424,153,331},{-0,2779,-14150,-10,5,3133,145,325},{-0,2779,-14150,-10,5,3133,145,325},{-9,-1018,-3752,1,-7,6424,153,331}},{{0,1031,-12427,0x00F43A48,7,2608,299,115},{-27,1307,14231,0xB2792730,-4,3557,513,190},{0,1031,-12427,0x00F43A48,7,2608,299,115},{-12,-228,4349,0xD6041D87,-7,6840,253,81},{9,1756,-21005,0x27224D03,-4,1329,424,176},{-27,2889,-4835,0xAA61B473,2,2888,588,162},{-26,2035,8302,0x7B25053C,3,6774,299,116}}}};
static struct S0 g_288 = {9,1124,3736,0xBF22C214,-5,207,374,224};/* VOLATILE GLOBAL g_288 */
static struct S0 g_289 = {-10,1555,19341,1,-5,2383,167,266};/* VOLATILE GLOBAL g_289 */
static struct S0 g_290 = {-24,1209,-16184,0,-5,6793,124,123};/* VOLATILE GLOBAL g_290 */
static struct S0 g_291 = {9,-34,-18760,0xEB5CE8C2,4,7009,383,112};/* VOLATILE GLOBAL g_291 */
static struct S0 g_292 = {-10,-2224,1316,0x539D021F,3,5365,228,34};/* VOLATILE GLOBAL g_292 */
static struct S0 g_293 = {-2,-914,-17810,0x22A8959A,3,2625,703,250};/* VOLATILE GLOBAL g_293 */
static struct S0 *g_270[8][8] = {{&g_285,(void*)0,&g_278,(void*)0,&g_285,&g_272,&g_285,(void*)0},{&g_293,(void*)0,&g_293,&g_287[1][1][3],&g_285,&g_287[1][1][3],&g_293,(void*)0},{&g_285,&g_287[1][1][3],&g_293,(void*)0,&g_293,&g_287[1][1][3],&g_285,&g_287[1][1][3]},{&g_285,(void*)0,&g_278,(void*)0,&g_285,&g_272,&g_285,(void*)0},{&g_293,(void*)0,&g_293,&g_287[1][1][3],&g_285,&g_287[1][1][3],&g_293,(void*)0},{&g_285,&g_287[1][1][3],&g_293,(void*)0,&g_293,&g_287[1][1][3],&g_285,&g_287[1][1][3]},{&g_285,(void*)0,&g_278,(void*)0,&g_285,&g_272,&g_285,(void*)0},{&g_293,(void*)0,&g_293,&g_287[1][1][3],&g_285,&g_287[1][1][3],&g_293,(void*)0}};
static struct S0 g_326 = {13,-2630,-5503,9,5,6597,55,343};/* VOLATILE GLOBAL g_326 */
static struct S0 **g_367 = (void*)0;
static volatile int32_t ** volatile *g_413[2][6][3] = {{{&g_167,&g_167,&g_167},{&g_167,&g_167,&g_167},{&g_167,&g_167,&g_167},{&g_167,&g_167,&g_167},{&g_167,&g_167,&g_167},{&g_167,&g_167,&g_167}},{{&g_167,&g_167,&g_167},{&g_167,&g_167,&g_167},{&g_167,&g_167,&g_167},{&g_167,&g_167,&g_167},{&g_167,&g_167,&g_167},{&g_167,&g_167,&g_167}}};
static volatile int32_t ** volatile **g_412[1][5][5] = {{{&g_413[0][5][0],(void*)0,(void*)0,&g_413[0][5][0],(void*)0},{&g_413[0][5][0],&g_413[0][5][0],&g_413[1][2][0],&g_413[0][5][0],&g_413[0][5][0]},{(void*)0,&g_413[0][5][0],(void*)0,(void*)0,&g_413[0][5][0]},{&g_413[0][5][0],(void*)0,(void*)0,&g_413[0][5][0],(void*)0},{&g_413[0][5][0],&g_413[0][5][0],&g_413[1][2][0],&g_413[0][5][0],&g_413[0][5][0]}}};
static struct S0 g_503 = {24,-353,-15738,6,5,6268,211,121};/* VOLATILE GLOBAL g_503 */
static struct S0 g_504 = {4,-372,19877,0x36110386,-2,4088,484,224};/* VOLATILE GLOBAL g_504 */
static struct S0 g_505 = {-5,-1678,-20489,0x03CBFB67,7,7592,370,83};/* VOLATILE GLOBAL g_505 */
static struct S0 g_506 = {4,-2158,-13274,-1,4,7936,627,35};/* VOLATILE GLOBAL g_506 */
static struct S0 g_507 = {-22,-436,-14253,1,7,1651,525,167};/* VOLATILE GLOBAL g_507 */
static struct S0 g_508[9] = {{4,-2226,-3179,0,1,6826,178,184},{4,-2226,-3179,0,1,6826,178,184},{4,-2226,-3179,0,1,6826,178,184},{4,-2226,-3179,0,1,6826,178,184},{4,-2226,-3179,0,1,6826,178,184},{4,-2226,-3179,0,1,6826,178,184},{4,-2226,-3179,0,1,6826,178,184},{4,-2226,-3179,0,1,6826,178,184},{4,-2226,-3179,0,1,6826,178,184}};
static struct S0 g_603 = {26,1824,-3342,4,0,5944,451,72};/* VOLATILE GLOBAL g_603 */
static volatile struct S0 ****g_623[8] = {(void*)0,(void*)0,(void*)0,(void*)0,(void*)0,(void*)0,(void*)0,(void*)0};
static int32_t *g_633 = &g_257;
static struct S0 g_666[1] = {{22,1679,-22103,0xB15D9293,4,7898,403,221}};
static struct S0 g_667 = {25,1436,-16465,-8,6,4987,193,200};/* VOLATILE GLOBAL g_667 */
static struct S0 g_668 = {-23,2303,3947,0x8AACDBE7,-3,6264,438,217};/* VOLATILE GLOBAL g_668 */
static struct S0 g_669[4][5][8] = {{{{-14,730,9772,0x7E8AA9DA,-3,327,542,15},{-14,1012,8113,1,2,7566,300,285},{14,-2089,6603,0x8F575221,-7,5437,116,154},{-21,817,-4602,0xD72196E3,5,5333,584,5},{25,-604,13356,0xF4A5CEF4,-1,6958,553,326},{-0,-1430,7988,0xAA55814C,-7,1223,519,23},{23,480,-10519,0x039FE6F5,6,438,175,0},{12,2269,3000,-1,-3,6136,126,114}},{{23,480,-10519,0x039FE6F5,6,438,175,0},{25,-604,13356,0xF4A5CEF4,-1,6958,553,326},{-26,-797,-2314,-10,0,6842,546,107},{-31,2117,6775,1,-0,5105,627,196},{18,2764,15917,0xD54502AC,4,2783,686,232},{29,-122,-15104,1,0,2886,281,219},{11,1659,-18240,1,-1,6261,231,318},{29,-122,-15104,1,0,2886,281,219}},{{-26,-797,-2314,-10,0,6842,546,107},{-2,2491,4006,-1,-0,2156,24,154},{-22,537,-4573,0,2,728,667,331},{-2,2491,4006,-1,-0,2156,24,154},{-26,-797,-2314,-10,0,6842,546,107},{13,-1320,10054,1,-7,3344,37,315},{30,554,13819,0x687E7A1F,-6,5172,659,111},{-30,-1255,1608,0xB1BF8A3C,5,640,700,194}},{{12,2269,3000,-1,-3,6136,126,114},{17,1252,-22079,0x202F8153,-4,4812,372,138},{-23,-633,-17380,-6,6,4603,188,188},{30,980,18318,2,5,4338,621,176},{-19,1902,-1655,0xBDEC2BF2,-0,3038,280,336},{-22,537,-4573,0,2,728,667,331},{-14,730,9772,0x7E8AA9DA,-3,327,542,15},{-2,2491,4006,-1,-0,2156,24,154}},{{-2,2491,4006,-1,-0,2156,24,154},{8,-931,-17985,0x80F7BD05,-6,1280,105,290},{-23,-633,-17380,-6,6,4603,188,188},{-14,730,9772,0x7E8AA9DA,-3,327,542,15},{1,-1555,13173,-1,5,5103,664,75},{23,480,-10519,0x039FE6F5,6,438,175,0},{30,554,13819,0x687E7A1F,-6,5172,659,111},{14,-2089,6603,0x8F575221,-7,5437,116,154}}},{{{-19,1902,-1655,0xBDEC2BF2,-0,3038,280,336},{30,-2054,265,0x9E42E274,0,6219,679,96},{-22,537,-4573,0,2,728,667,331},{-30,-1255,1608,0xB1BF8A3C,5,640,700,194},{11,837,-7345,0x4B3AC58A,4,3595,553,130},{11,1659,-18240,1,-1,6261,231,318},{11,1659,-18240,1,-1,6261,231,318},{11,837,-7345,0x4B3AC58A,4,3595,553,130}},{{-26,-797,-2314,-10,0,6842,546,107},{-0,-1430,7988,0xAA55814C,-7,1223,519,23},{-0,-1430,7988,0xAA55814C,-7,1223,519,23},{-26,-797,-2314,-10,0,6842,546,107},{30,-2054,265,0x9E42E274,0,6219,679,96},{8,-931,-17985,0x80F7BD05,-6,1280,105,290},{17,1252,-22079,0x202F8153,-4,4812,372,138},{-2,2491,4006,-1,-0,2156,24,154}},{{-30,-1255,1608,0xB1BF8A3C,5,640,700,194},{-22,537,-4573,0,2,728,667,331},{30,-2054,265,0x9E42E274,0,6219,679,96},{-19,1902,-1655,0xBDEC2BF2,-0,3038,280,336},{6,-529,7587,0x198A9E27,-7,291,315,26},{25,-604,13356,0xF4A5CEF4,-1,6958,553,326},{-23,-633,-17380,-6,6,4603,188,188},{30,554,13819,0x687E7A1F,-6,5172,659,111}},{{12,2269,3000,-1,-3,6136,126,114},{-22,537,-4573,0,2,728,667,331},{30,554,13819,0x687E7A1F,-6,5172,659,111},{1,-1555,13173,-1,5,5103,664,75},{18,2764,15917,0xD54502AC,4,2783,686,232},{8,-931,-17985,0x80F7BD05,-6,1280,105,290},{30,980,18318,2,5,4338,621,176},{-0,-1430,7988,0xAA55814C,-7,1223,519,23}},{{16,-2817,-12464,0,7,3731,299,242},{-0,-1430,7988,0xAA55814C,-7,1223,519,23},{-21,817,-4602,0xD72196E3,5,5333,584,5},{11,837,-7345,0x4B3AC58A,4,3595,553,130},{-19,1902,-1655,0xBDEC2BF2,-0,3038,280,336},{12,2269,3000,-1,-3,6136,126,114},{-19,1902,-1655,0xBDEC2BF2,-0,3038,280,336},{11,837,-7345,0x4B3AC58A,4,3595,553,130}}},{{{30,980,18318,2,5,4338,621,176},{16,1314,20683,2,-0,3445,199,192},{30,980,18318,2,5,4338,621,176},{14,-2089,6603,0x8F575221,-7,5437,116,154},{-14,730,9772,0x7E8AA9DA,-3,327,542,15},{17,1252,-22079,0x202F8153,-4,4812,372,138},{-22,537,-4573,0,2,728,667,331},{16,-2817,-12464,0,7,3731,299,242}},{{-11,330,20957,0xF7868C79,2,5822,576,94},{-27,757,20444,8,2,782,101,323},{11,837,-7345,0x4B3AC58A,4,3595,553,130},{-2,2491,4006,-1,-0,2156,24,154},{8,-931,-17985,0x80F7BD05,-6,1280,105,290},{-23,-633,-17380,-6,6,4603,188,188},{-14,730,9772,0x7E8AA9DA,-3,327,542,15},{1,-1555,13173,-1,5,5103,664,75}},{{-11,330,20957,0xF7868C79,2,5822,576,94},{29,-122,-15104,1,0,2886,281,219},{16,1314,20683,2,-0,3445,199,192},{-30,-1255,1608,0xB1BF8A3C,5,640,700,194},{-14,730,9772,0x7E8AA9DA,-3,327,542,15},{30,980,18318,2,5,4338,621,176},{-2,2491,4006,-1,-0,2156,24,154},{-31,2117,6775,1,-0,5105,627,196}},{{30,980,18318,2,5,4338,621,176},{6,-529,7587,0x198A9E27,-7,291,315,26},{23,480,-10519,0x039FE6F5,6,438,175,0},{29,-122,-15104,1,0,2886,281,219},{-19,1902,-1655,0xBDEC2BF2,-0,3038,280,336},{-19,1902,-1655,0xBDEC2BF2,-0,3038,280,336},{29,-122,-15104,1,0,2886,281,219},{23,480,-10519,0x039FE6F5,6,438,175,0}},{{16,-2817,-12464,0,7,3731,299,242},{16,-2817,-12464,0,7,3731,299,242},{25,-604,13356,0xF4A5CEF4,-1,6958,553,326},{12,2269,3000,-1,-3,6136,126,114},{18,2764,15917,0xD54502AC,4,2783,686,232},{-22,537,-4573,0,2,728,667,331},{14,-2089,6603,0x8F575221,-7,5437,116,154},{17,1252,-22079,0x202F8153,-4,4812,372,138}}},{{{12,2269,3000,-1,-3,6136,126,114},{-30,-1255,1608,0xB1BF8A3C,5,640,700,194},{-26,-797,-2314,-10,0,6842,546,107},{30,554,13819,0x687E7A1F,-6,5172,659,111},{6,-529,7587,0x198A9E27,-7,291,315,26},{-14,730,9772,0x7E8AA9DA,-3,327,542,15},{-0,-1430,7988,0xAA55814C,-7,1223,519,23},{17,1252,-22079,0x202F8153,-4,4812,372,138}},{{-30,-1255,1608,0xB1BF8A3C,5,640,700,194},{14,-2089,6603,0x8F575221,-7,5437,116,154},{-31,2117,6775,1,-0,5105,627,196},{12,2269,3000,-1,-3,6136,126,114},{30,-2054,265,0x9E42E274,0,6219,679,96},{-2,2491,4006,-1,-0,2156,24,154},{-14,1012,8113,1,2,7566,300,285},{23,480,-10519,0x039FE6F5,6,438,175,0}},{{-26,-797,-2314,-10,0,6842,546,107},{-31,2117,6775,1,-0,5105,627,196},{18,2764,15917,0xD54502AC,4,2783,686,232},{29,-122,-15104,1,0,2886,281,219},{11,1659,-18240,1,-1,6261,231,318},{29,-122,-15104,1,0,2886,281,219},{18,2764,15917,0xD54502AC,4,2783,686,232},{-31,2117,6775,1,-0,5105,627,196}},{{30,554,13819,0x687E7A1F,-6,5172,659,111},{12,2269,3000,-1,-3,6136,126,114},{29,-122,-15104,1,0,2886,281,219},{-30,-1255,1608,0xB1BF8A3C,5,640,700,194},{-2,2491,4006,-1,-0,2156,24,154},{14,-2089,6603,0x8F575221,-7,5437,116,154},{11,837,-7345,0x4B3AC58A,4,3595,553,130},{1,-1555,13173,-1,5,5103,664,75}},{{6,-529,7587,0x198A9E27,-7,291,315,26},{30,-2054,265,0x9E42E274,0,6219,679,96},{11,1659,-18240,1,-1,6261,231,318},{-2,2491,4006,-1,-0,2156,24,154},{30,554,13819,0x687E7A1F,-6,5172,659,111},{-0,-1430,7988,0xAA55814C,-7,1223,519,23},{11,837,-7345,0x4B3AC58A,4,3595,553,130},{16,-2817,-12464,0,7,3731,299,242}}}};
static struct S0 g_670 = {19,-246,-8790,0,4,6545,317,115};/* VOLATILE GLOBAL g_670 */
static struct S0 g_671[2] = {{-20,-1859,1493,0x7D3D02B9,-7,3782,500,9},{-20,-1859,1493,0x7D3D02B9,-7,3782,500,9}};
static struct S0 g_672 = {-29,2286,7547,0xCCEB1EFE,-4,5145,400,92};/* VOLATILE GLOBAL g_672 */
static struct S0 g_673 = {-28,187,-8489,1,7,1538,327,239};/* VOLATILE GLOBAL g_673 */
static struct S0 g_674[8] = {{5,39,-1061,0x4E8ABD7D,7,5359,167,110},{5,39,-1061,0x4E8ABD7D,7,5359,167,110},{5,39,-1061,0x4E8ABD7D,7,5359,167,110},{5,39,-1061,0x4E8ABD7D,7,5359,167,110},{5,39,-1061,0x4E8ABD7D,7,5359,167,110},{5,39,-1061,0x4E8ABD7D,7,5359,167,110},{5,39,-1061,0x4E8ABD7D,7,5359,167,110},{5,39,-1061,0x4E8ABD7D,7,5359,167,110}};
static struct S0 g_675 = {-14,521,-13929,-1,4,7705,585,89};/* VOLATILE GLOBAL g_675 */
static struct S0 g_676 = {-24,-2380,-18333,5,2,7671,625,275};/* VOLATILE GLOBAL g_676 */
static struct S0 g_677 = {30,-1381,13354,0x79BAAB12,-7,552,113,217};/* VOLATILE GLOBAL g_677 */
static struct S0 g_678 = {-9,-2738,4861,-4,4,5253,218,279};/* VOLATILE GLOBAL g_678 */
static struct S0 *g_665[7][8][2] = {{{&g_669[1][3][7],(void*)0},{(void*)0,&g_669[1][3][7]},{&g_671[1],&g_671[1]},{&g_671[1],&g_669[1][3][7]},{(void*)0,(void*)0},{&g_669[1][3][7],(void*)0},{(void*)0,&g_669[1][3][7]},{&g_671[1],&g_671[1]}},{{&g_671[1],&g_669[1][3][7]},{(void*)0,(void*)0},{&g_669[1][3][7],(void*)0},{(void*)0,&g_669[1][3][7]},{&g_671[1],&g_671[1]},{&g_671[1],&g_669[1][3][7]},{(void*)0,(void*)0},{&g_669[1][3][7],(void*)0}},{{(void*)0,&g_669[1][3][7]},{&g_671[1],&g_671[1]},{&g_671[1],&g_669[1][3][7]},{(void*)0,(void*)0},{&g_669[1][3][7],(void*)0},{(void*)0,&g_669[1][3][7]},{&g_671[1],&g_671[1]},{&g_671[1],&g_669[1][3][7]}},{{(void*)0,(void*)0},{&g_669[1][3][7],(void*)0},{(void*)0,&g_669[1][3][7]},{&g_671[1],&g_671[1]},{&g_671[1],&g_669[1][3][7]},{(void*)0,(void*)0},{&g_669[1][3][7],(void*)0},{(void*)0,&g_669[1][3][7]}},{{&g_671[1],&g_671[1]},{&g_671[1],&g_669[1][3][7]},{(void*)0,&g_671[1]},{(void*)0,&g_671[1]},{(void*)0,(void*)0},{&g_669[1][3][7],&g_669[1][3][7]},{&g_669[1][3][7],(void*)0},{(void*)0,&g_671[1]}},{{(void*)0,&g_671[1]},{(void*)0,(void*)0},{&g_669[1][3][7],&g_669[1][3][7]},{&g_669[1][3][7],(void*)0},{(void*)0,&g_671[1]},{(void*)0,&g_671[1]},{(void*)0,(void*)0},{&g_669[1][3][7],&g_669[1][3][7]}},{{&g_669[1][3][7],(void*)0},{(void*)0,&g_671[1]},{(void*)0,&g_671[1]},{(void*)0,(void*)0},{&g_669[1][3][7],&g_669[1][3][7]},{&g_669[1][3][7],(void*)0},{(void*)0,&g_671[1]},{(void*)0,&g_671[1]}}};
static struct S0 g_688 = {23,-389,15480,-6,-7,476,175,247};/* VOLATILE GLOBAL g_688 */
static struct S0 g_689 = {27,-645,13067,2,4,7302,690,158};/* VOLATILE GLOBAL g_689 */
static struct S0 g_690 = {-24,-586,-20173,0x4F8CC3B5,-0,5630,197,320};/* VOLATILE GLOBAL g_690 */
static struct S0 g_691 = {20,-1456,5652,-2,-4,1929,412,272};/* VOLATILE GLOBAL g_691 */
static struct S0 g_692 = {27,2753,-7604,9,6,478,672,197};/* VOLATILE GLOBAL g_692 */
static struct S0 g_693 = {23,-1703,20190,0xCFC12411,-2,7528,520,107};/* VOLATILE GLOBAL g_693 */
static struct S0 g_694 = {-19,-1501,14852,0xBFFF38B5,-6,5342,490,348};/* VOLATILE GLOBAL g_694 */
static struct S0 g_695 = {17,-1091,12807,-4,-1,5706,675,205};/* VOLATILE GLOBAL g_695 */
static struct S0 g_696 = {-21,442,-973,-4,-5,4658,695,142};/* VOLATILE GLOBAL g_696 */
static struct S0 g_697 = {-26,-207,15561,1,5,876,237,247};/* VOLATILE GLOBAL g_697 */
static struct S0 g_698 = {5,-1110,1798,0x03B44619,2,1451,663,296};/* VOLATILE GLOBAL g_698 */
static struct S0 g_699 = {21,-600,-15047,1,-7,3804,634,194};/* VOLATILE GLOBAL g_699 */
static struct S0 g_700 = {31,-1001,10521,2,0,3077,55,224};/* VOLATILE GLOBAL g_700 */
static struct S0 g_701 = {-25,-418,353,0,3,3691,406,149};/* VOLATILE GLOBAL g_701 */
static struct S0 g_702 = {6,-2294,-11328,0xF8D73D78,-5,6922,563,236};/* VOLATILE GLOBAL g_702 */
static struct S0 g_703 = {-13,1891,20331,0x0C889C06,6,640,668,207};/* VOLATILE GLOBAL g_703 */
static struct S0 g_704 = {11,-2049,17188,0xC3EABFDC,-0,5533,543,259};/* VOLATILE GLOBAL g_704 */
static struct S0 g_705 = {10,-1353,18818,0x80D4F09B,7,4609,143,88};/* VOLATILE GLOBAL g_705 */
static struct S0 g_706 = {23,109,7893,0xDFAA057F,1,4262,237,360};/* VOLATILE GLOBAL g_706 */
static struct S0 g_707[3][8][3] = {{{{27,-690,-8008,0x783CE34D,-7,1402,518,1},{27,-690,-8008,0x783CE34D,-7,1402,518,1},{-11,156,-3623,0x4AD849FB,3,981,650,266}},{{23,1430,13982,-1,-0,6911,441,213},{-11,156,-3623,0x4AD849FB,3,981,650,266},{-22,2402,384,0xC9CE6CEC,-0,2205,354,153}},{{-22,2402,384,0xC9CE6CEC,-0,2205,354,153},{-11,156,-3623,0x4AD849FB,3,981,650,266},{23,1430,13982,-1,-0,6911,441,213}},{{-11,156,-3623,0x4AD849FB,3,981,650,266},{27,-690,-8008,0x783CE34D,-7,1402,518,1},{27,-690,-8008,0x783CE34D,-7,1402,518,1}},{{31,-906,22178,0,5,7072,227,177},{-22,2402,384,0xC9CE6CEC,-0,2205,354,153},{23,1430,13982,-1,-0,6911,441,213}},{{-2,2614,1748,1,4,7897,164,9},{-20,817,17706,9,0,7181,604,191},{-22,2402,384,0xC9CE6CEC,-0,2205,354,153}},{{-2,2614,1748,1,4,7897,164,9},{0,-132,12669,0x4E74D8F0,2,5209,99,101},{-11,156,-3623,0x4AD849FB,3,981,650,266}},{{31,-906,22178,0,5,7072,227,177},{-23,-684,-5735,1,-2,4913,252,299},{31,-906,22178,0,5,7072,227,177}}},{{{-11,156,-3623,0x4AD849FB,3,981,650,266},{0,-132,12669,0x4E74D8F0,2,5209,99,101},{-2,2614,1748,1,4,7897,164,9}},{{-22,2402,384,0xC9CE6CEC,-0,2205,354,153},{-20,817,17706,9,0,7181,604,191},{-2,2614,1748,1,4,7897,164,9}},{{23,1430,13982,-1,-0,6911,441,213},{-22,2402,384,0xC9CE6CEC,-0,2205,354,153},{31,-906,22178,0,5,7072,227,177}},{{27,-690,-8008,0x783CE34D,-7,1402,518,1},{27,-690,-8008,0x783CE34D,-7,1402,518,1},{-11,156,-3623,0x4AD849FB,3,981,650,266}},{{23,1430,13982,-1,-0,6911,441,213},{-11,156,-3623,0x4AD849FB,3,981,650,266},{-22,2402,384,0xC9CE6CEC,-0,2205,354,153}},{{-22,2402,384,0xC9CE6CEC,-0,2205,354,153},{-11,156,-3623,0x4AD849FB,3,981,650,266},{23,1430,13982,-1,-0,6911,441,213}},{{-11,156,-3623,0x4AD849FB,3,981,650,266},{27,-690,-8008,0x783CE34D,-7,1402,518,1},{27,-690,-8008,0x783CE34D,-7,1402,518,1}},{{31,-906,22178,0,5,7072,227,177},{-22,2402,384,0xC9CE6CEC,-0,2205,354,153},{23,1430,13982,-1,-0,6911,441,213}}},{{{-2,2614,1748,1,4,7897,164,9},{-20,817,17706,9,0,7181,604,191},{-22,2402,384,0xC9CE6CEC,-0,2205,354,153}},{{-2,2614,1748,1,4,7897,164,9},{0,-132,12669,0x4E74D8F0,2,5209,99,101},{-11,156,-3623,0x4AD849FB,3,981,650,266}},{{31,-906,22178,0,5,7072,227,177},{-23,-684,-5735,1,-2,4913,252,299},{31,-906,22178,0,5,7072,227,177}},{{-11,156,-3623,0x4AD849FB,3,981,650,266},{0,-132,12669,0x4E74D8F0,2,5209,99,101},{-2,2614,1748,1,4,7897,164,9}},{{-22,2402,384,0xC9CE6CEC,-0,2205,354,153},{-20,817,17706,9,0,7181,604,191},{-2,2614,1748,1,4,7897,164,9}},{{23,1430,13982,-1,-0,6911,441,213},{-22,2402,384,0xC9CE6CEC,-0,2205,354,153},{31,-906,22178,0,5,7072,227,177}},{{27,-690,-8008,0x783CE34D,-7,1402,518,1},{27,-690,-8008,0x783CE34D,-7,1402,518,1},{-11,156,-3623,0x4AD849FB,3,981,650,266}},{{23,1430,13982,-1,-0,6911,441,213},{-11,156,-3623,0x4AD849FB,3,981,650,266},{-22,2402,384,0xC9CE6CEC,-0,2205,354,153}}}};
static struct S0 g_708 = {-0,-1941,-18140,0x858850F1,-5,6063,234,108};/* VOLATILE GLOBAL g_708 */
static struct S0 g_709 = {-1,1573,-10345,0x0BE673AB,0,7113,403,354};/* VOLATILE GLOBAL g_709 */
static struct S0 g_710 = {-3,-1807,15835,0x34746FB0,6,4627,474,297};/* VOLATILE GLOBAL g_710 */
static struct S0 g_711 = {12,-741,15389,0,-6,5351,308,139};/* VOLATILE GLOBAL g_711 */
static struct S0 g_713 = {-8,1115,4462,0xA38BFAA5,-2,3601,595,163};/* VOLATILE GLOBAL g_713 */
static uint32_t g_816 = 4294967290U;
static uint32_t g_828 = 0xD787712D;
static uint32_t g_845 = 6U;
static struct S0 ***g_861 = &g_367;
static volatile int32_t g_877 = 0x22F59907;/* VOLATILE GLOBAL g_877 */
static int32_t g_933 = (-8);
static int32_t ** volatile g_964 = &g_633;/* VOLATILE GLOBAL g_964 */
